
Bleacher 1 - Row 8
	TOP LEFT COORDINATE: (106.55476748735205, 218.920793968622)
	TOP RIGHT COORDINATE: (106.82384544857992, 284.400241103206)
		(106.56671845867567, 9, 221.8290328723977)
		(106.59312673031954, 9, 228.25541955650232)
		(106.622006391281, 9, 235.28321263387585)
		(106.65466031869988, 9, 243.2294639894459)
		(106.68790524067276, 9, 251.3195323877758)
		(106.7111356995736, 9, 256.9726063094323)
		(106.73403209629954, 9, 262.54438703850906)
		(106.75845086728138, 9, 268.48663372530785)
		(106.78101375327415, 9, 273.97725545376704)
		(106.80240547901614, 9, 279.1828782719589)
		(106.82308077757065, 9, 284.21416033056346)

Bleacher 1 - Row 7
	TOP LEFT COORDINATE: (103.6100864703032, 218.90869324390292)
	TOP RIGHT COORDINATE: (103.87916443153107, 284.38814037848687)
		(103.612917344876, 7.75, 219.5975794725931)
		(103.63349711382455, 7.75, 224.6056146411346)
		(103.65736326024741, 7.75, 230.41338152724762)
		(103.67955002288144, 7.75, 235.8124745795123)
		(103.70067319975645, 7.75, 240.95274670432704)
		(103.72649113667188, 7.75, 247.23547691256715)
		(103.76136980646385, 7.75, 255.7231137459441)
		(103.79628274383006, 7.75, 264.2190895075867)
		(103.82121025746449, 7.75, 270.28513744318724)
		(103.84792265517672, 7.75, 276.785532443411)
		(103.87727342831157, 7.75, 283.9279694868342)

Bleacher 1 - Row 6
	TOP LEFT COORDINATE: (100.66540545325435, 218.89659251918383)
	TOP RIGHT COORDINATE: (100.93448341448222, 284.37603965376775)
		(100.67325440450924, 6.75, 220.80661512531242)
		(100.70890357072041, 6.75, 229.48175033023432)
		(100.74229839375259, 6.75, 237.60829677545894)
		(100.7633849009426, 6.75, 242.73964542437994)
		(100.79278813521935, 6.75, 249.89484875513605)
		(100.81365888309347, 6.75, 254.9736929155649)
		(100.83487330947939, 6.75, 260.13617038004713)
		(100.85941761421118, 6.75, 266.1089653901127)
		(100.88354183098038, 6.75, 271.97953304787814)
		(100.90463740782694, 6.75, 277.1130887749794)
		(100.93018256803012, 6.75, 283.3294394542984)

Bleacher 1 - Row 5
	TOP LEFT COORDINATE: (97.7207244362055, 218.88449179446474)
	TOP RIGHT COORDINATE: (97.98980239743337, 284.36393892904863)
		(97.73495545157674, 5.5, 222.3475736998731)
		(97.76336204106137, 5.5, 229.26024601961637)
		(97.78957559939309, 5.5, 235.63924970746422)
		(97.8115699753956, 5.5, 240.991525955369)
		(97.83436316831612, 5.5, 246.53819229718616)
		(97.86242429189598, 5.5, 253.36679635528105)
		(97.88901083221045, 5.5, 259.8365642733549)
		(97.91910398863587, 5.5, 267.159658428965)
		(97.94607462133757, 5.5, 273.7228942663364)
		(97.98196845200945, 5.5, 282.45756795426007)

Bleacher 1 - Row 4
	TOP LEFT COORDINATE: (94.77604341915665, 218.87239106974565)
	TOP RIGHT COORDINATE: (95.04512138038451, 284.3518382043295)
		(94.78399462156723, 4.25, 220.8072962382114)
		(94.8054861560078, 4.25, 226.03720725292567)
		(94.83135513392412, 4.25, 232.3323581607431)
		(94.87039721650358, 4.25, 241.83315105593195)
		(94.89310119402022, 4.25, 247.3581070529294)
		(94.9275920053072, 4.25, 255.75135949169973)
		(94.95268060395603, 4.25, 261.8566070616229)
		(94.97709348424705, 4.25, 267.79742026358315)
		(95.00459335967649, 4.25, 274.48944599163934)
		(95.03731085839115, 4.25, 282.4511672626291)

Bleacher 1 - Row 3
	TOP LEFT COORDINATE: (91.8313624021078, 218.86029034502656)
	TOP RIGHT COORDINATE: (92.10044036333566, 284.3397374796104)
		(91.83436284457544, 3, 219.5904404957246)
		(91.87512317574524, 3, 229.50936487675685)
		(91.90848282554063, 3, 237.62735200300628)
		(91.93012608076064, 3, 242.89418388894825)
		(91.95622132595882, 3, 249.24439637242668)
		(91.97798266514016, 3, 254.5399636942541)
		(92.00075305185392, 3, 260.08108020284476)
		(92.0411299109928, 3, 269.9066876267302)
		(92.06366169647364, 3, 275.3897411236005)
		(92.08479105084932, 3, 280.53151652771174)

Bleacher 1 - Row 2
	TOP LEFT COORDINATE: (88.88668138505895, 218.84818962030747)
	TOP RIGHT COORDINATE: (89.15575934628681, 284.3276367548913)
		(88.89231375968896, 1.75, 220.2188138629806)
		(88.93338149212263, 1.75, 230.21254357074673)
		(88.96554033675602, 1.75, 238.03831777191925)
		(89.001549965932, 1.75, 246.8011707354429)
		(89.03791934524568, 1.75, 255.65156799288042)
		(89.06020566184503, 1.75, 261.0748872529661)
		(89.09020341308661, 1.75, 268.37476479632284)
		(89.12354847028774, 1.75, 276.4892008513522)
		(89.15282405902201, 1.75, 283.6133419594224)

Bleacher 1 - Row 1
	TOP LEFT COORDINATE: (85.9420003680101, 218.83608889558838)
	TOP RIGHT COORDINATE: (86.21107832923796, 284.31553603017215)
		(85.94767236525112, 0.5, 220.2163552012952)
		(85.97236658382273, 0.5, 226.22563136836249)
		(86.01201526859916, 0.5, 235.87403938708945)
		(86.0366346855592, 0.5, 241.86511276955326)
		(86.06099240388427, 0.5, 247.79250244541922)
		(86.08321964617578, 0.5, 253.2014461208242)
		(86.11854192346537, 0.5, 261.7970337263751)
		(86.13983262999331, 0.5, 266.9780737721383)
		(86.16178842324278, 0.5, 272.32096100384075)
		(86.2018089552925, 0.5, 282.0598571240944)

Bleacher 2 - Row 8
	TOP LEFT COORDINATE: (368.69847699999997, 79.969872998)
	TOP RIGHT COORDINATE: (434.178477, 79.969872998)
		(369.74417909706466, 9, 79.969872998)
		(375.09062579953866, 9, 79.969872998)
		(382.02094163533604, 9, 79.969872998)
		(391.021380061082, 9, 79.969872998)
		(397.286941777725, 9, 79.969872998)
		(403.3593343768757, 9, 79.969872998)
		(409.1036714769011, 9, 79.969872998)
		(414.59321552586687, 9, 79.969872998)
		(419.64924809094276, 9, 79.969872998)
		(424.69177045121666, 9, 79.969872998)
		(432.7915600037282, 9, 79.969872998)

Bleacher 2 - Row 7
	TOP LEFT COORDINATE: (368.69847699999997, 82.914578878)
	TOP RIGHT COORDINATE: (434.178477, 82.914578878)
		(371.9506118997821, 7.75, 82.914578878)
		(377.4836429886097, 7.75, 82.914578878)
		(382.8920143623266, 7.75, 82.914578878)
		(392.30225560527657, 7.75, 82.914578878)
		(398.1870157032146, 7.75, 82.914578878)
		(406.4289366924458, 7.75, 82.914578878)
		(412.76294295604737, 7.75, 82.914578878)
		(418.7641024384972, 7.75, 82.914578878)
		(427.68322426910925, 7.75, 82.914578878)
		(433.91826874981814, 7.75, 82.914578878)

Bleacher 2 - Row 6
	TOP LEFT COORDINATE: (368.69847699999997, 85.859284758)
	TOP RIGHT COORDINATE: (434.178477, 85.859284758)
		(369.3767467209521, 6.75, 85.859284758)
		(375.3237418326313, 6.75, 85.859284758)
		(381.46990788691465, 6.75, 85.859284758)
		(386.8577532053568, 6.75, 85.859284758)
		(394.99518082651343, 6.75, 85.859284758)
		(400.4166197294193, 6.75, 85.859284758)
		(406.00523703820573, 6.75, 85.859284758)
		(411.02902099893174, 6.75, 85.859284758)
		(416.07257549651814, 6.75, 85.859284758)
		(423.760353092079, 6.75, 85.859284758)
		(433.07988449757244, 6.75, 85.859284758)

Bleacher 2 - Row 5
	TOP LEFT COORDINATE: (368.69847699999997, 88.803990638)
	TOP RIGHT COORDINATE: (434.178477, 88.803990638)
		(373.6612192928636, 5.5, 88.803990638)
		(382.959763459128, 5.5, 88.803990638)
		(389.061838772319, 5.5, 88.803990638)
		(395.8115375914784, 5.5, 88.803990638)
		(403.5605220273631, 5.5, 88.803990638)
		(409.8699463476872, 5.5, 88.803990638)
		(418.0360308268208, 5.5, 88.803990638)
		(424.66138274317933, 5.5, 88.803990638)
		(432.8792103849467, 5.5, 88.803990638)

Bleacher 2 - Row 4
	TOP LEFT COORDINATE: (368.69847699999997, 91.748696518)
	TOP RIGHT COORDINATE: (434.178477, 91.748696518)
		(369.53128947926535, 4.25, 91.748696518)
		(374.7539101957434, 4.25, 91.748696518)
		(384.3859110036732, 4.25, 91.748696518)
		(391.5883097303351, 4.25, 91.748696518)
		(400.00015089073486, 4.25, 91.748696518)
		(405.01489607283867, 4.25, 91.748696518)
		(410.01615550432433, 4.25, 91.748696518)
		(418.89738008853186, 4.25, 91.748696518)
		(425.10528777357695, 4.25, 91.748696518)
		(431.47206255211387, 4.25, 91.748696518)

Bleacher 2 - Row 3
	TOP LEFT COORDINATE: (368.69847699999997, 94.693402398)
	TOP RIGHT COORDINATE: (434.178477, 94.693402398)
		(371.69285007420854, 3, 94.693402398)
		(377.0968268603284, 3, 94.693402398)
		(384.3270578937943, 3, 94.693402398)
		(392.9600143947385, 3, 94.693402398)
		(398.33375224085495, 3, 94.693402398)
		(406.1616466691658, 3, 94.693402398)
		(416.0479450717538, 3, 94.693402398)
		(422.6325704353201, 3, 94.693402398)
		(428.3041948185534, 3, 94.693402398)
		(433.8779239811113, 3, 94.693402398)

Bleacher 2 - Row 2
	TOP LEFT COORDINATE: (368.69847699999997, 97.638108278)
	TOP RIGHT COORDINATE: (434.178477, 97.638108278)
		(369.25568829605413, 1.75, 97.638108278)
		(375.3796208319837, 1.75, 97.638108278)
		(384.0096664922662, 1.75, 97.638108278)
		(390.07525314443785, 1.75, 97.638108278)
		(398.6600788718674, 1.75, 97.638108278)
		(404.90116024291456, 1.75, 97.638108278)
		(410.675035954146, 1.75, 97.638108278)
		(415.69392166865964, 1.75, 97.638108278)
		(422.3888830292851, 1.75, 97.638108278)
		(427.554639626993, 1.75, 97.638108278)
		(432.7705154099856, 1.75, 97.638108278)

Bleacher 2 - Row 1
	TOP LEFT COORDINATE: (368.69847699999997, 100.582814158)
	TOP RIGHT COORDINATE: (434.178477, 100.582814158)
		(370.58579672907075, 0.5, 100.582814158)
		(377.3973798792171, 0.5, 100.582814158)
		(382.4908430182731, 0.5, 100.582814158)
		(388.2640888360746, 0.5, 100.582814158)
		(396.08829431110706, 0.5, 100.582814158)
		(401.87794141587966, 0.5, 100.582814158)
		(409.2367949314147, 0.5, 100.582814158)
		(415.601968570737, 0.5, 100.582814158)
		(421.70558702830743, 0.5, 100.582814158)
		(427.04642933189496, 0.5, 100.582814158)
		(432.23970386903045, 0.5, 100.582814158)

Bleacher 3 - Row 8
	TOP LEFT COORDINATE: (468.47637, 79.33127699799999)
	TOP RIGHT COORDINATE: (533.95637, 79.33127699799999)
		(471.1022651445231, 9, 79.33127699799999)
		(479.356133374701, 9, 79.33127699799999)
		(486.8001120568074, 9, 79.33127699799999)
		(492.2542792258671, 9, 79.33127699799999)
		(498.35786234378776, 9, 79.33127699799999)
		(505.59624271878863, 9, 79.33127699799999)
		(513.8824329768512, 9, 79.33127699799999)
		(518.8844640262638, 9, 79.33127699799999)
		(524.4688664338693, 9, 79.33127699799999)
		(532.6607811478442, 9, 79.33127699799999)

Bleacher 3 - Row 7
	TOP LEFT COORDINATE: (468.47637, 82.275982878)
	TOP RIGHT COORDINATE: (533.95637, 82.275982878)
		(472.2858834417198, 7.75, 82.275982878)
		(477.359674714413, 7.75, 82.275982878)
		(483.9213719327388, 7.75, 82.275982878)
		(491.21981608267, 7.75, 82.275982878)
		(496.2454512129197, 7.75, 82.275982878)
		(501.62631031862816, 7.75, 82.275982878)
		(507.38236417434354, 7.75, 82.275982878)
		(513.0600959442656, 7.75, 82.275982878)
		(518.6372163715765, 7.75, 82.275982878)
		(525.7248734146758, 7.75, 82.275982878)
		(532.8530678412944, 7.75, 82.275982878)

Bleacher 3 - Row 6
	TOP LEFT COORDINATE: (468.47637, 85.220688758)
	TOP RIGHT COORDINATE: (533.95637, 85.220688758)
		(469.45171664773164, 6.75, 85.220688758)
		(477.16979581283925, 6.75, 85.220688758)
		(482.3466104278471, 6.75, 85.220688758)
		(487.4009094596106, 6.75, 85.220688758)
		(496.2186727838684, 6.75, 85.220688758)
		(501.38925896092815, 6.75, 85.220688758)
		(510.5809646577678, 6.75, 85.220688758)
		(517.8199423002924, 6.75, 85.220688758)
		(523.2632119288223, 6.75, 85.220688758)
		(528.3472384056582, 6.75, 85.220688758)
		(533.929406975401, 6.75, 85.220688758)

Bleacher 3 - Row 5
	TOP LEFT COORDINATE: (468.47637, 88.165394638)
	TOP RIGHT COORDINATE: (533.95637, 88.165394638)
		(468.5826349547803, 5.5, 88.165394638)
		(474.78870372788515, 5.5, 88.165394638)
		(481.5306236467566, 5.5, 88.165394638)
		(489.6332926946667, 5.5, 88.165394638)
		(498.6227516492196, 5.5, 88.165394638)
		(504.7220582426355, 5.5, 88.165394638)
		(513.6262744858803, 5.5, 88.165394638)
		(520.2409891676541, 5.5, 88.165394638)
		(527.0980202660986, 5.5, 88.165394638)
		(533.8944394743888, 5.5, 88.165394638)

Bleacher 3 - Row 4
	TOP LEFT COORDINATE: (468.47637, 91.110100518)
	TOP RIGHT COORDINATE: (533.95637, 91.110100518)
		(470.93344471032486, 4.25, 91.110100518)
		(477.19970651183326, 4.25, 91.110100518)
		(484.37002720360243, 4.25, 91.110100518)
		(490.23205780842966, 4.25, 91.110100518)
		(499.793759423846, 4.25, 91.110100518)
		(507.00746955218204, 4.25, 91.110100518)
		(514.1503181332497, 4.25, 91.110100518)
		(521.0045482214196, 4.25, 91.110100518)
		(527.4206155606462, 4.25, 91.110100518)
		(533.0473697180528, 4.25, 91.110100518)

Bleacher 3 - Row 3
	TOP LEFT COORDINATE: (468.47637, 94.054806398)
	TOP RIGHT COORDINATE: (533.95637, 94.054806398)
		(470.74099464341174, 3, 94.054806398)
		(476.9747847647481, 3, 94.054806398)
		(484.48634575514484, 3, 94.054806398)
		(491.45747440419103, 3, 94.054806398)
		(499.2617349919598, 3, 94.054806398)
		(507.15878853555773, 3, 94.054806398)
		(512.6355068834298, 3, 94.054806398)
		(518.827662171139, 3, 94.054806398)
		(525.8896268009818, 3, 94.054806398)
		(532.3652707829172, 3, 94.054806398)

Bleacher 3 - Row 2
	TOP LEFT COORDINATE: (468.47637, 96.999512278)
	TOP RIGHT COORDINATE: (533.95637, 96.999512278)
		(472.2491543247227, 1.75, 96.999512278)
		(477.89564749077755, 1.75, 96.999512278)
		(484.31637390088184, 1.75, 96.999512278)
		(489.85088641929076, 1.75, 96.999512278)
		(495.99409470649226, 1.75, 96.999512278)
		(502.1319975639756, 1.75, 96.999512278)
		(508.6731777220194, 1.75, 96.999512278)
		(516.7924922938244, 1.75, 96.999512278)
		(522.8356427811259, 1.75, 96.999512278)
		(530.5135749149113, 1.75, 96.999512278)

Bleacher 3 - Row 1
	TOP LEFT COORDINATE: (468.47637, 99.944218158)
	TOP RIGHT COORDINATE: (533.95637, 99.944218158)
		(471.35320992421106, 0.5, 99.944218158)
		(480.41757984983684, 0.5, 99.944218158)
		(486.5815272364313, 0.5, 99.944218158)
		(495.60707297401893, 0.5, 99.944218158)
		(502.3114344680462, 0.5, 99.944218158)
		(508.9209445859875, 0.5, 99.944218158)
		(516.0302741952946, 0.5, 99.944218158)
		(524.1123637668201, 0.5, 99.944218158)
		(531.7250590290718, 0.5, 99.944218158)

Bleacher 4 - Row 8
	TOP LEFT COORDINATE: (145.15184719221554, 193.21879275161135)
	TOP RIGHT COORDINATE: (191.45325309115418, 146.91749458642235)
		(146.67275676850122, 9, 191.6978867141662)
		(150.3389509406355, 9, 188.03170107250386)
		(154.53436097390767, 9, 183.836300801079)
		(158.53033862847337, 9, 179.84033244432288)
		(164.8161621701672, 9, 173.5545235284342)
		(170.84789716350568, 9, 167.52280256968956)
		(175.2853283318106, 9, 163.08538172636483)
		(179.37171785083802, 9, 158.9990017155166)
		(186.09964114729877, 9, 152.27109407353527)
		(190.24501679962992, 9, 148.12572806663178)

Bleacher 4 - Row 7
	TOP LEFT COORDINATE: (147.23406626611086, 195.301016670409)
	TOP RIGHT COORDINATE: (193.5354721650495, 148.99971850522002)
		(149.8459362155758, 7.75, 192.68915279822266)
		(154.80762806208898, 7.75, 187.7274724965353)
		(160.71262933183343, 7.75, 181.8224849665017)
		(167.43700044793866, 7.75, 175.09812949661065)
		(172.00711182239462, 7.75, 170.52802875585414)
		(179.03744153038772, 7.75, 163.4977154059773)
		(183.4182321618058, 7.75, 159.11693496774865)
		(188.10028454335566, 7.75, 154.4348934803617)
		(193.49488605949617, 7.75, 149.04030451633787)

Bleacher 4 - Row 6
	TOP LEFT COORDINATE: (149.31628534000617, 197.38324058920668)
	TOP RIGHT COORDINATE: (195.61769123894481, 151.08194242401768)
		(149.8859430866916, 6.75, 196.81358416799642)
		(155.44720105013783, 6.75, 191.2523391444418)
		(160.02422528252538, 6.75, 186.6753255618385)
		(164.87026579332448, 6.75, 181.8292963267686)
		(168.64607861864823, 6.75, 178.05349228697665)
		(172.74440676850537, 6.75, 173.9551736730774)
		(178.16936992700926, 6.75, 168.53022313733544)
		(183.26643901667865, 6.75, 163.4331659074866)
		(189.4218257936992, 6.75, 157.2777934527719)
		(193.2291991912508, 6.75, 153.47042891418698)

Bleacher 4 - Row 5
	TOP LEFT COORDINATE: (151.3985044139015, 199.46546450800435)
	TOP RIGHT COORDINATE: (197.69991031284013, 153.16416634281535)
		(152.14495639677799, 5.5, 198.7190142619665)
		(158.05199201163063, 5.5, 192.8119923915582)
		(164.9312057595226, 5.5, 185.932794650167)
		(168.57537948370666, 5.5, 182.28862940521793)
		(172.1124775399884, 5.5, 178.75153957902833)
		(177.70411316545182, 5.5, 173.159916964139)
		(181.52268210181632, 5.5, 169.34135691279087)
		(185.93349815691474, 5.5, 164.93055112074478)
		(191.58883650710544, 5.5, 159.2752259293512)
		(195.44571158359724, 5.5, 155.41835982700619)

Bleacher 4 - Row 4
	TOP LEFT COORDINATE: (153.4807234877968, 201.547688426802)
	TOP RIGHT COORDINATE: (199.78212938673545, 155.24639026161302)
		(153.51522499248588, 4.25, 201.51318700239077)
		(159.28052573925862, 4.25, 195.74789967027476)
		(165.27277720181692, 4.25, 189.75566215044037)
		(169.78010261558316, 4.25, 185.2483472242837)
		(174.49234911229573, 4.25, 180.53611169198948)
		(178.20564747017437, 4.25, 176.82282197418445)
		(182.46191806561046, 4.25, 172.56656128220553)
		(186.45920618391563, 4.25, 168.56928246475914)
		(191.58941739314227, 4.25, 163.43908319246788)
		(196.31006357864322, 4.25, 158.71844799092958)

Bleacher 4 - Row 3
	TOP LEFT COORDINATE: (155.56294256169213, 203.62991234559968)
	TOP RIGHT COORDINATE: (201.86434846063077, 157.32861418041068)
		(156.00645195975105, 3, 203.18640397949497)
		(159.7869596432399, 3, 199.40590509246186)
		(163.38165357266766, 3, 195.81121952713985)
		(167.4586701927673, 3, 191.73421239341064)
		(173.43189614957117, 3, 185.76100033506225)
		(178.13214092863433, 3, 181.06076649249195)
		(182.3749608794019, 3, 176.8179564138847)
		(188.65545216181954, 3, 170.53747974486512)
		(194.469794092558, 3, 164.72315134289204)
		(198.9607602272314, 3, 160.23219565776358)

Bleacher 4 - Row 2
	TOP LEFT COORDINATE: (157.64516163558744, 205.71213626439734)
	TOP RIGHT COORDINATE: (203.94656753452608, 159.41083809920835)
		(160.88067468107852, 1.75, 202.47663074727276)
		(164.90134899289356, 1.75, 198.45596579073128)
		(171.63701881610706, 1.75, 191.72031164002172)
		(175.37314058821735, 1.75, 187.98419856109038)
		(178.94487490401494, 1.75, 184.4124725559763)
		(183.46237409159548, 1.75, 179.8949838796776)
		(187.44244918890763, 1.75, 175.9149180431731)
		(191.12934642424472, 1.75, 172.2280293864797)
		(194.9430335921092, 1.75, 168.4143510922727)
		(199.46433991617755, 1.75, 163.8930552883446)
		(203.71765817350385, 1.75, 159.639746927606)

Bleacher 4 - Row 1
	TOP LEFT COORDINATE: (159.72738070948276, 207.794360183195)
	TOP RIGHT COORDINATE: (206.0287866084214, 161.49306201800601)
		(163.1714899146777, 0.5, 204.35025899172646)
		(169.19842233223278, 0.5, 198.32334059759066)
		(174.6925440610869, 0.5, 192.82923165241607)
		(179.94518591653568, 0.5, 187.57660201877331)
		(186.13884942479012, 0.5, 181.38295292188675)
		(192.09213487978536, 0.5, 175.4296813189496)
		(197.36087691852646, 0.5, 170.16095153947634)
		(202.5164420867063, 0.5, 165.00539836722527)

Bleacher 5 - Row 8
	TOP LEFT COORDINATE: (674.9437824873521, 249.91911596862195)
	TOP RIGHT COORDINATE: (675.2128604485799, 315.398563103206)
		(674.9606014276801, 9, 254.0119629228687)
		(674.983346443814, 9, 259.5469055644566)
		(675.0124284698585, 9, 266.62394367735027)
		(675.0461321850896, 9, 274.8256582646194)
		(675.0722687657387, 9, 281.18592962642924)
		(675.0953299451835, 9, 286.7978098169281)
		(675.1192110428068, 9, 292.60921504017625)
		(675.1421106639821, 9, 298.1817804309108)
		(675.1642151086821, 9, 303.5608416203595)
		(675.1929335628383, 9, 310.5494054259081)

Bleacher 5 - Row 7
	TOP LEFT COORDINATE: (671.9991014703032, 249.90701524390286)
	TOP RIGHT COORDINATE: (672.268179431531, 315.38646237848695)
		(671.9991939041421, 7.75, 249.92950878680531)
		(672.02010932857, 7.75, 255.0192248745742)
		(672.0592058521439, 7.75, 264.5332658492455)
		(672.09650462003, 7.75, 273.6098274852808)
		(672.1188819510791, 7.75, 279.0552948834704)
		(672.1582914417068, 7.75, 288.6454956058959)
		(672.1820298063869, 7.75, 294.4221671253483)
		(672.2147585514557, 7.75, 302.3866251684072)
		(672.2390742712465, 7.75, 308.3037946062779)
		(672.2605390487969, 7.75, 313.52719439885374)

Bleacher 5 - Row 6
	TOP LEFT COORDINATE: (669.0544204532544, 249.89491451918377)
	TOP RIGHT COORDINATE: (669.3234984144822, 315.3743616537679)
		(669.072422819872, 6.75, 254.27574529350824)
		(669.1076795572903, 6.75, 262.8553839357253)
		(669.1395972681436, 6.75, 270.6224788361551)
		(669.160493392236, 6.75, 275.70749823568843)
		(669.1880986272436, 6.75, 282.4251629528711)
		(669.2086541097007, 6.75, 287.4272880646166)
		(669.2342962656356, 6.75, 293.6672424120436)
		(669.2581757343696, 6.75, 299.47825124915977)
		(669.284223624869, 6.75, 305.816940085434)
		(669.3154618522491, 6.75, 313.4186843865177)

Bleacher 5 - Row 5
	TOP LEFT COORDINATE: (666.1097394362055, 249.88281379446468)
	TOP RIGHT COORDINATE: (666.3788173974333, 315.36226092904883)
		(666.1099481527045, 5.5, 249.9336044311409)
		(666.1323028345466, 5.5, 255.37356020161945)
		(666.1628454995604, 5.5, 262.80604114502364)
		(666.1839807201935, 5.5, 267.94924408817855)
		(666.20893974482, 5.5, 274.0229601446762)
		(666.2480124867328, 5.5, 283.53121391175995)
		(666.2819694089476, 5.5, 291.794545783566)
		(666.3095249242341, 5.5, 298.5001113313175)
		(666.3407244811517, 5.5, 306.09244527233056)
		(666.3665774913151, 5.5, 312.38371046750456)

Bleacher 5 - Row 4
	TOP LEFT COORDINATE: (663.1650584191566, 249.8707130697456)
	TOP RIGHT COORDINATE: (663.4341363803844, 315.35016020432977)
		(663.1766103640584, 4.25, 252.68184989436614)
		(663.1990260568327, 4.25, 258.13665252220665)
		(663.2367039246851, 4.25, 267.3054671844156)
		(663.2596660666478, 4.25, 272.8932468519948)
		(663.2858110255526, 4.25, 279.2555570413063)
		(663.3197654153453, 4.25, 287.51827265455455)
		(663.3420935449109, 4.25, 292.9517669951297)
		(663.3696065780082, 4.25, 299.64699460866586)
		(663.4012295545939, 4.25, 307.342366664158)
		(663.4325058364656, 4.25, 314.95337143034783)

Bleacher 5 - Row 3
	TOP LEFT COORDINATE: (660.2203774021077, 249.8586123450265)
	TOP RIGHT COORDINATE: (660.4894553633355, 315.3380594796107)
		(660.233536522003, 3, 253.06085117419906)
		(660.2583903301431, 3, 259.1089630625917)
		(660.2824268366023, 3, 264.95818663635714)
		(660.3056542388294, 3, 270.6105167241277)
		(660.3339202769549, 3, 277.48898622306143)
		(660.3585783777845, 3, 283.48947322817276)
		(660.379565575468, 3, 288.59665515769467)
		(660.4004359682441, 3, 293.67541290592266)
		(660.4218276827091, 3, 298.8810329798953)
		(660.4521707096513, 3, 306.26493249919656)
		(660.4779533408887, 3, 312.5390711592054)

Bleacher 5 - Row 2
	TOP LEFT COORDINATE: (657.2756963850588, 249.8465116203074)
	TOP RIGHT COORDINATE: (657.5447743462867, 315.32595875489164)
		(657.2761138942388, 1.75, 249.94811143233198)
		(657.2994639702619, 1.75, 255.63029388071897)
		(657.3341282815828, 1.75, 264.06576711769435)
		(657.3578390939736, 1.75, 269.8357338565976)
		(657.3938533240105, 1.75, 278.59970642809407)
		(657.4163514809429, 1.75, 284.0745765020339)
		(657.4412760569379, 1.75, 290.1399095704426)
		(657.470316708814, 1.75, 297.2068793832035)
		(657.4909426917375, 1.75, 302.22616060664734)
		(657.5117451405267, 1.75, 307.2883843560391)
		(657.5329937220936, 1.75, 312.4591733981526)

Bleacher 5 - Row 1
	TOP LEFT COORDINATE: (654.33101536801, 249.83441089558832)
	TOP RIGHT COORDINATE: (654.6000933292378, 315.3138580301726)
		(654.3433693502695, 0.5, 252.84072150005574)
		(654.3646525083984, 0.5, 258.01992466183617)
		(654.3856609127191, 0.5, 263.1322671733576)
		(654.4088858128466, 0.5, 268.78398838146)
		(654.430324108288, 0.5, 274.00094381922156)
		(654.4595115330038, 0.5, 281.10363043447734)
		(654.4907423102194, 0.5, 288.70356175671105)
		(654.5261169263589, 0.5, 297.3118858901433)
		(654.5489447066171, 0.5, 302.86696897386423)
		(654.5759749540421, 0.5, 309.444711904644)
		(654.5980415380883, 0.5, 314.8145597989203)

Bleacher 6 - Row 8
	TOP LEFT COORDINATE: (266.40236556865864, 565.0006422064283)
	TOP RIGHT COORDINATE: (225.01771572512894, 615.744520234506)
		(265.26542815567893, 9, 566.3947004775006)
		(261.0224200418101, 9, 571.5972740649623)
		(255.94100364462633, 9, 577.8278637846645)
		(250.00346392510846, 9, 585.1081909700638)
		(245.5920080384174, 9, 590.5173071589614)
		(242.0767898098117, 9, 594.827499602509)
		(237.4363334232128, 9, 600.5174052502912)
		(233.45025402167886, 9, 605.4049451407197)
		(229.92248386327373, 9, 609.7305281601733)
		(225.943771717814, 9, 614.609034673612)

Bleacher 6 - Row 7
	TOP LEFT COORDINATE: (268.6843722272305, 566.8617543282362)
	TOP RIGHT COORDINATE: (227.29972238370075, 617.6056323563139)
		(267.9796450507693, 7.75, 567.7258570818085)
		(263.05409788304064, 7.75, 573.7653274082644)
		(259.85291366364055, 7.75, 577.6904663713536)
		(255.8032275462242, 7.75, 582.6559977742079)
		(250.59267645279635, 7.75, 589.0449262813632)
		(246.7101722389613, 7.75, 593.8054672310928)
		(241.64638284982095, 7.75, 600.0144435567096)
		(238.1086939631208, 7.75, 604.352188446342)
		(234.81367180715023, 7.75, 608.3923869985722)
		(229.0893953933297, 7.75, 615.4112209198486)

Bleacher 6 - Row 6
	TOP LEFT COORDINATE: (270.9663788858023, 568.7228664500441)
	TOP RIGHT COORDINATE: (229.58172904227257, 619.4667444781218)
		(269.45616437073426, 6.75, 570.5746192482094)
		(265.3064023161695, 6.75, 575.6628589781222)
		(261.74075451797404, 6.75, 580.0348857476323)
		(258.5743514179643, 6.75, 583.9173777658593)
		(255.4099443740749, 6.75, 587.7974223155516)
		(250.16993242735143, 6.75, 594.2224743117757)
		(246.8216823651225, 6.75, 598.3279383765348)
		(243.17073492195223, 6.75, 602.8045554904553)
		(237.8802404868432, 6.75, 609.291506699138)
		(234.49788880877009, 6.75, 613.4387845340148)
		(231.15652464584917, 6.75, 617.5358054384252)

Bleacher 6 - Row 5
	TOP LEFT COORDINATE: (273.2483855443742, 570.583978571852)
	TOP RIGHT COORDINATE: (231.8637357008444, 621.3278565999296)
		(270.2268075250029, 5.5, 574.2888930038214)
		(266.8778178329923, 5.5, 578.395263967239)
		(260.60785118048693, 5.5, 586.0831971564235)
		(257.22962855600997, 5.5, 590.2254121432914)
		(252.97248277923634, 5.5, 595.4453206567404)
		(248.72814254164012, 5.5, 600.6495276305955)
		(244.7809715979534, 5.5, 605.4893598311746)
		(241.17124223092304, 5.5, 609.9154373117746)
		(237.11860169915184, 5.5, 614.8845912761881)
		(232.26448528932855, 5.5, 620.8364766241482)

Bleacher 6 - Row 4
	TOP LEFT COORDINATE: (275.530392202946, 572.4450906936598)
	TOP RIGHT COORDINATE: (234.1457423594162, 623.1889687217375)
		(273.90586010027124, 4.25, 574.4370142494348)
		(270.74488942491104, 4.25, 578.3128452884133)
		(267.57510871435034, 4.25, 582.1994787711318)
		(263.7884430604874, 4.25, 586.8425070630041)
		(259.28662328100836, 4.25, 592.3624231347353)
		(255.99838679468206, 4.25, 596.3943014234362)
		(252.29541765076843, 4.25, 600.9347050583813)
		(248.85311834293947, 4.25, 605.1554878093054)
		(245.55611708953037, 4.25, 609.1981130361459)
		(240.15228651198194, 4.25, 615.8240316013209)
		(234.2587541092523, 4.25, 623.0503991199383)

Bleacher 6 - Row 3
	TOP LEFT COORDINATE: (277.81239886151786, 574.3062028154677)
	TOP RIGHT COORDINATE: (236.42774901798802, 625.0500808435454)
		(275.8043427394242, 3, 576.7683851782112)
		(271.72810591705337, 3, 581.7664717854435)
		(267.349188171371, 3, 587.1356912622789)
		(263.94358296078303, 3, 591.3114814664065)
		(260.1253583563449, 3, 595.9932058338703)
		(256.7279112930829, 3, 600.158992907987)
		(251.3814909410669, 3, 606.7145178007981)
		(247.7938713590906, 3, 611.1134853205731)
		(244.6025218454256, 3, 615.0265654379273)
		(241.05733774168846, 3, 619.3735006041612)
		(237.6115253272951, 3, 623.5985909583073)

Bleacher 6 - Row 2
	TOP LEFT COORDINATE: (280.0944055200897, 576.1673149372756)
	TOP RIGHT COORDINATE: (238.70975567655984, 626.9111929653533)
		(277.0165292829321, 1.75, 579.9412595509029)
		(272.72629669397946, 1.75, 585.2017375307579)
		(268.3964081547364, 1.75, 590.5108397399404)
		(264.83095910072893, 1.75, 594.8826228188339)
		(260.8709042995888, 1.75, 599.7382525891309)
		(257.6833242769232, 1.75, 603.646710736933)
		(254.48346865461556, 1.75, 607.5702206378202)
		(250.3226389017919, 1.75, 612.6720310499213)
		(245.10007996318225, 1.75, 619.0756830024504)
		(240.67856541979998, 1.75, 624.497132635033)

Bleacher 6 - Row 1
	TOP LEFT COORDINATE: (282.37641217866155, 578.0284270590835)
	TOP RIGHT COORDINATE: (240.99176233513165, 628.7723050871612)
		(281.2752066119, 0.5, 579.3786726495346)
		(276.97695593891626, 0.5, 584.6489820204882)
		(273.0655327016694, 0.5, 589.4449820934011)
		(266.8189742332941, 0.5, 597.1042132869218)
		(263.39989841413336, 0.5, 601.2965205069228)
		(259.8788209224197, 0.5, 605.6138972986189)
		(255.93259683204366, 0.5, 610.4525685129607)
		(251.44551873361038, 0.5, 615.9544090405533)
		(245.18640301657632, 0.5, 623.6290373317107)
		(241.24401767799785, 0.5, 628.4630016522228)

Bleacher 7 - Row 8
	TOP LEFT COORDINATE: (446.3771818986015, 604.0418767887622)
	TOP RIGHT COORDINATE: (380.8991496818433, 604.5495154606311)
		(444.9385646384375, 9, 604.0530301134813)
		(438.17273991415516, 9, 604.1054842597171)
		(432.22049765905666, 9, 604.1516308565332)
		(426.6469774940448, 9, 604.1948412933532)
		(420.86921660419847, 9, 604.2396351694855)
		(414.70471969239424, 9, 604.2874273360962)
		(409.66234944765097, 9, 604.3265198690794)
		(404.6531135043388, 9, 604.3653555181552)
		(394.8271496569949, 9, 604.4415343382636)
		(387.54867764450063, 9, 604.4979629409655)
		(381.80637142007834, 9, 604.5424819438516)

Bleacher 7 - Row 7
	TOP LEFT COORDINATE: (446.4000109545265, 606.9864941754378)
	TOP RIGHT COORDINATE: (380.9219787377683, 607.4941328473067)
		(444.90617887369353, 7.75, 606.9980755701107)
		(436.68686894833115, 7.75, 607.0617983093705)
		(430.62941036257206, 7.75, 607.1087606282929)
		(425.4558192516306, 7.75, 607.1488704915773)
		(417.4084188716749, 7.75, 607.211260448981)
		(412.13812732844144, 7.75, 607.252120012239)
		(406.9381613433196, 7.75, 607.2924343548831)
		(401.2775482073197, 7.75, 607.336320006865)
		(393.37260618152874, 7.75, 607.3976055118706)
		(388.3086596403482, 7.75, 607.4368653217572)
		(381.4056146919145, 7.75, 607.49038331017)

Bleacher 7 - Row 6
	TOP LEFT COORDINATE: (446.4228400104515, 609.9311115621133)
	TOP RIGHT COORDINATE: (380.9448077936933, 610.4387502339822)
		(445.9740109797461, 6.75, 609.9345912478236)
		(437.53894211476853, 6.75, 609.9999867249138)
		(429.0908867913904, 6.75, 610.0654828835344)
		(421.23321578274226, 6.75, 610.1264019053768)
		(412.5258284617102, 6.75, 610.1939086154206)
		(402.8503892222457, 6.75, 610.2689204470073)
		(397.8112382039348, 6.75, 610.3079880219432)
		(392.7879431129587, 6.75, 610.3469326689043)
		(387.0533215220919, 6.75, 610.3913920942948)
		(381.46761106882946, 6.75, 610.4346970400902)

Bleacher 7 - Row 5
	TOP LEFT COORDINATE: (446.4456690663765, 612.8757289487888)
	TOP RIGHT COORDINATE: (380.9676368496183, 613.3833676206577)
		(444.74888857365465, 5.5, 612.8888837637186)
		(439.623938452321, 5.5, 612.9286165227053)
		(434.5329837475141, 5.5, 612.9680857217236)
		(429.019107343555, 5.5, 613.0108337518612)
		(423.89019899548555, 5.5, 613.0505971982234)
		(415.24051089846154, 5.5, 613.117656577209)
		(409.50664272994476, 5.5, 613.16211016146)
		(404.4759830041005, 5.5, 613.2011119050279)
		(398.6301024584801, 5.5, 613.2464338998346)
		(389.834032692275, 5.5, 613.31462814793)
		(381.6281435941841, 5.5, 613.3782468380804)

Bleacher 7 - Row 4
	TOP LEFT COORDINATE: (446.4684981223015, 615.8203463354644)
	TOP RIGHT COORDINATE: (380.9904659055433, 616.3279850073333)
		(441.972895624185, 4.25, 615.8551998825875)
		(433.6732962139804, 4.25, 615.919545090881)
		(423.82363798074584, 4.25, 615.9959076090356)
		(416.05034835439955, 4.25, 616.0561724381452)
		(410.02469324751735, 4.25, 616.102888190773)
		(404.24298785169833, 4.25, 616.1477126479062)
		(394.89467069293096, 4.25, 616.2201883645097)
		(389.10128609204355, 4.25, 616.2651033682881)
		(383.89982509256845, 4.25, 616.3054293014928)

Bleacher 7 - Row 3
	TOP LEFT COORDINATE: (446.4913271782265, 618.7649637221399)
	TOP RIGHT COORDINATE: (381.0132949614683, 619.2726023940088)
		(445.5084891556077, 3, 618.7725834775231)
		(438.0289863755736, 3, 618.8305706333516)
		(431.25148162297705, 3, 618.883115332615)
		(425.4456848233629, 3, 618.9281265657984)
		(417.6478927801386, 3, 618.9885813574639)
		(410.15419068722224, 3, 619.046678597852)
		(403.42266918192, 3, 619.0988667977858)
		(394.5145705736955, 3, 619.1679295840862)
		(384.9790661961271, 3, 619.2418565274281)

Bleacher 7 - Row 2
	TOP LEFT COORDINATE: (446.5141562341515, 621.7095811088154)
	TOP RIGHT COORDINATE: (381.0361240173933, 622.2172197806843)
		(445.693321304961, 1.75, 621.7159448851718)
		(440.2783142505521, 1.75, 621.7579264001348)
		(435.10843420966626, 1.75, 621.7980074922023)
		(429.8465014773085, 1.75, 621.8388022511967)
		(424.21165477586953, 1.75, 621.8824881409352)
		(418.32298413993715, 1.75, 621.9281418791354)
		(412.2400382914114, 1.75, 621.9753017959358)
		(405.71926813502256, 1.75, 622.0258560809332)
		(397.42669195660824, 1.75, 622.0901468394527)
		(388.5418995586394, 1.75, 622.1590289371585)
		(383.48310333458807, 1.75, 622.1982488176205)

Bleacher 7 - Row 1
	TOP LEFT COORDINATE: (446.53698529007653, 624.654198495491)
	TOP RIGHT COORDINATE: (381.0589530733183, 625.1618371673599)
		(443.57163877292624, 0.5, 624.6771882604035)
		(436.1088369972749, 0.5, 624.7350459365363)
		(426.5679405427305, 0.5, 624.8090146836207)
		(420.16008251011186, 0.5, 624.8586935824983)
		(413.4874531729474, 0.5, 624.910425202706)
		(406.16926510040884, 0.5, 624.9671617164323)
		(396.29987259843574, 0.5, 625.0436772306015)
		(387.5601191557657, 0.5, 625.1114348690018)
		(381.43419387039637, 0.5, 625.1589279971632)

Bleacher 8 - Row 8
	TOP LEFT COORDINATE: (597.6439668986015, 603.3645077887622)
	TOP RIGHT COORDINATE: (532.1659346818433, 603.8721464606311)
		(593.306229098312, 9, 603.3981374410488)
		(586.0595283361466, 9, 603.4543197273179)
		(576.1501167586975, 9, 603.5311455017321)
		(569.2386851614842, 9, 603.5847285102304)
		(563.5207899126762, 9, 603.6290582594871)
		(557.5864541072299, 9, 603.6750660310207)
		(552.0884759515374, 9, 603.7176908050775)
		(546.331017309043, 9, 603.7623272817655)
		(539.7645846053306, 9, 603.8132355797667)
		(533.4739555229855, 9, 603.8620056249937)

Bleacher 8 - Row 7
	TOP LEFT COORDINATE: (597.6667959545265, 606.3091251754378)
	TOP RIGHT COORDINATE: (532.1887637377682, 606.8167638473067)
		(597.4656859114662, 7.75, 606.3106843431724)
		(590.6933910850921, 7.75, 606.3631886508734)
		(583.2854515674778, 7.75, 606.420620990403)
		(578.1428403542277, 7.75, 606.4604906724605)
		(569.4552364222662, 7.75, 606.5278440056692)
		(560.5666374272397, 7.75, 606.5967556151945)
		(551.718109433155, 7.75, 606.6653565619066)
		(546.6632082593478, 7.75, 606.7045462447884)
		(539.3267439778352, 7.75, 606.7614244504705)
		(533.3309442453868, 7.75, 606.8079087400853)

Bleacher 8 - Row 6
	TOP LEFT COORDINATE: (597.6896250104514, 609.2537425621133)
	TOP RIGHT COORDINATE: (532.2115927936932, 609.7613812339822)
		(597.5901282866287, 6.75, 609.2545139412007)
		(588.932066011474, 6.75, 609.3216382435892)
		(580.8076955956606, 6.75, 609.384624934973)
		(575.3149191642232, 6.75, 609.4272093810555)
		(569.347025482142, 6.75, 609.4734773203943)
		(561.89285748146, 6.75, 609.5312680605196)
		(552.1330063995995, 6.75, 609.6069343209904)
		(544.6525401780673, 6.75, 609.6649289461967)
		(536.2572919863304, 6.75, 609.7300157012164)

Bleacher 8 - Row 5
	TOP LEFT COORDINATE: (597.7124540663764, 612.1983599487888)
	TOP RIGHT COORDINATE: (532.2344218496181, 612.7059986206577)
		(595.481797429219, 5.5, 612.2156538034504)
		(590.3552822261682, 5.5, 612.2553986962165)
		(584.046859997184, 5.5, 612.3043066883093)
		(578.6398583982638, 5.5, 612.3462261385057)
		(573.425574125998, 5.5, 612.3866514880941)
		(563.5545760813018, 5.5, 612.4631794497293)
		(555.4110554743919, 5.5, 612.5263146088853)
		(548.9724006400436, 5.5, 612.5762322694819)
		(543.3676215884897, 5.5, 612.6196850504762)
		(537.8120667199587, 5.5, 612.6627562057854)
		(532.3905413578436, 5.5, 612.7047882559426)

Bleacher 8 - Row 4
	TOP LEFT COORDINATE: (597.7352831223013, 615.1429773354644)
	TOP RIGHT COORDINATE: (532.2572509055431, 615.6506160073333)
		(593.5184032311962, 4.25, 615.1756699994752)
		(583.9091037718732, 4.25, 615.2501690619847)
		(577.2502624905834, 4.25, 615.3017937860301)
		(568.3660763369119, 4.25, 615.3706711836396)
		(560.3340319606629, 4.25, 615.4329420888808)
		(554.5636018611356, 4.25, 615.4776791307966)
		(545.6788692856941, 4.25, 615.5465607647096)
		(539.8618334430935, 4.25, 615.5916591320457)
		(532.279187051862, 4.25, 615.6504459405825)

Bleacher 8 - Row 3
	TOP LEFT COORDINATE: (597.7581121782263, 618.0875947221399)
	TOP RIGHT COORDINATE: (532.280079961468, 618.5952333940088)
		(596.9663225191223, 3, 618.0937333160673)
		(591.8621657264991, 3, 618.1333048683498)
		(585.3780072922458, 3, 618.1835753096614)
		(577.8793084022947, 3, 618.241711289262)
		(569.1564414382347, 3, 618.3093380100203)
		(560.9556243879417, 3, 618.3729173775533)
		(551.0127527171632, 3, 618.4500025616775)
		(545.4814062752918, 3, 618.4928860336807)
		(538.2748666747275, 3, 618.5487569581381)
		(532.4198593518722, 3, 618.5941497111048)

Bleacher 8 - Row 2
	TOP LEFT COORDINATE: (597.7809412341512, 621.0322121088154)
	TOP RIGHT COORDINATE: (532.302909017393, 621.5398507806843)
		(596.7816590598359, 1.75, 621.0399593525644)
		(590.5380216398958, 1.75, 621.0883650804122)
		(585.3962155915181, 1.75, 621.1282285201803)
		(580.3569838951198, 1.75, 621.167296720598)
		(575.1350712749179, 1.75, 621.2077812113102)
		(569.1911195927664, 1.75, 621.2538635328984)
		(562.6021228196321, 1.75, 621.3049467658184)
		(557.0956027571021, 1.75, 621.3476377636465)
		(550.8642361815376, 1.75, 621.3959483579827)
		(545.4755054557392, 1.75, 621.437726157591)
		(539.0908389277962, 1.75, 621.4872252571645)
		(532.3757610558506, 1.75, 621.5392859727511)

Bleacher 8 - Row 1
	TOP LEFT COORDINATE: (597.8037702900762, 623.976829495491)
	TOP RIGHT COORDINATE: (532.3257380733179, 624.4844681673599)
		(593.5432031232017, 0.5, 624.0098608586028)
		(588.0050158137276, 0.5, 624.0527973665454)
		(582.7798719842935, 0.5, 624.0933069082054)
		(577.4870876586253, 0.5, 624.1343408537075)
		(570.1735879098753, 0.5, 624.1910410197553)
		(561.8257588280516, 0.5, 624.2557601434769)
		(554.4632664112887, 0.5, 624.3128401403179)
		(549.0244294403399, 0.5, 624.3550064040704)
		(539.6966377809863, 0.5, 624.4273229903989)
		(532.4101976334791, 0.5, 624.4838133685289)

Bleacher 9 - Row 8
	TOP LEFT COORDINATE: (673.507076487352, 392.16230996862197)
	TOP RIGHT COORDINATE: (673.7761544485799, 457.64175710320603)
		(673.5132239437712, 9, 393.6582780730864)
		(673.5355517594622, 9, 399.0916960330696)
		(673.5562328384443, 9, 404.1243847442279)
		(673.5768049682772, 9, 409.13056095312675)
		(673.6146713665532, 9, 418.3452540211804)
		(673.6360386921575, 9, 423.5449391270423)
		(673.6642048233499, 9, 430.3990965243323)
		(673.6849522568987, 9, 435.4479324529048)
		(673.7057120117432, 9, 440.49976673791343)
		(673.7278535887327, 9, 445.8878639768846)
		(673.7608874037486, 9, 453.9265600265886)

Bleacher 9 - Row 7
	TOP LEFT COORDINATE: (670.5623954703032, 392.15020924390285)
	TOP RIGHT COORDINATE: (670.831473431531, 457.6296563784869)
		(670.5664466678928, 7.75, 393.1360580187092)
		(670.5883431804666, 7.75, 398.46451944663255)
		(670.6261228645612, 7.75, 407.6581108360822)
		(670.6658383026064, 7.75, 417.32276309536707)
		(670.6980283344587, 7.75, 425.1561266280659)
		(670.7362089054176, 7.75, 434.4472728306723)
		(670.7723973847776, 7.75, 443.2536485380026)
		(670.8046066575736, 7.75, 451.0916943060858)
		(670.8276440151363, 7.75, 456.69777750133585)

Bleacher 9 - Row 6
	TOP LEFT COORDINATE: (667.6177144532543, 392.13810851918373)
	TOP RIGHT COORDINATE: (667.8867924144821, 457.6175556537678)
		(667.6251959153923, 6.75, 393.958703570221)
		(667.6660513448883, 6.75, 403.90076989046315)
		(667.6996582434401, 6.75, 412.07892438160485)
		(667.7233483835945, 6.75, 417.84386058362685)
		(667.7635260207804, 6.75, 427.6209878448242)
		(667.7866015879553, 6.75, 433.2363692533554)
		(667.8113125497564, 6.75, 439.24971984334115)
		(667.8434963980937, 6.75, 447.08157863317433)
		(667.8689359365931, 6.75, 453.2722265357093)

Bleacher 9 - Row 5
	TOP LEFT COORDINATE: (664.6730334362054, 392.1260077944646)
	TOP RIGHT COORDINATE: (664.9421113974332, 457.6054549290487)
		(664.693475688416, 5.5, 397.1005786096603)
		(664.7148197340572, 5.5, 402.29459859487736)
		(664.7397851852792, 5.5, 408.36987854727937)
		(664.7681087180657, 5.5, 415.26233922781154)
		(664.7976697074056, 5.5, 422.4559318575941)
		(664.8328416237879, 5.5, 431.01492951339185)
		(664.8544962527913, 5.5, 436.28452918099094)
		(664.8825631903787, 5.5, 443.11454806326026)
		(664.9173468798764, 5.5, 451.5790716801851)
		(664.9402434842232, 5.5, 457.1509029332724)

Bleacher 9 - Row 4
	TOP LEFT COORDINATE: (661.7283524191565, 392.1139070697455)
	TOP RIGHT COORDINATE: (661.9974303803843, 457.59335420432956)
		(661.748565985435, 4.25, 397.0328277367988)
		(661.775123939867, 4.25, 403.49563935204156)
		(661.7977416755801, 4.25, 408.99960862242654)
		(661.8356166107407, 4.25, 418.21637911991144)
		(661.8658974921665, 4.25, 425.58515568363526)
		(661.894769245496, 4.25, 432.6110244586107)
		(661.9176501588759, 4.25, 438.179037354234)
		(661.9493070367862, 4.25, 445.88265921206454)
		(661.9804374165222, 4.25, 453.4581590594116)

Bleacher 9 - Row 3
	TOP LEFT COORDINATE: (658.7836714021076, 392.1018063450264)
	TOP RIGHT COORDINATE: (659.0527493633355, 457.58125347961044)
		(658.7875981525419, 3, 393.05737121663225)
		(658.8173178816712, 3, 400.2895927761182)
		(658.8389355021806, 3, 405.55018651949894)
		(658.8614634577664, 3, 411.0323080210149)
		(658.8824927652497, 3, 416.1497372647476)
		(658.9072758993842, 3, 422.1806508110835)
		(658.9362274720568, 3, 429.22594342302597)
		(658.9589438691038, 3, 434.7539216815971)
		(658.9869939871546, 3, 441.57984757179776)
		(659.0101208400396, 3, 447.20770922928654)
		(659.0486047283857, 3, 456.5726669575061)

Bleacher 9 - Row 2
	TOP LEFT COORDINATE: (655.8389903850588, 392.08970562030726)
	TOP RIGHT COORDINATE: (656.1080683462866, 457.5691527548913)
		(655.8393806480552, 1.75, 392.18467514188666)
		(655.8639383841083, 1.75, 398.1607386303146)
		(655.902581649265, 1.75, 407.564480305729)
		(655.9306417139414, 1.75, 414.39282668232664)
		(655.9598847172431, 1.75, 421.50903820707725)
		(655.9959750956073, 1.75, 430.29154128306385)
		(656.0179382452975, 1.75, 435.63621868617776)
		(656.0488282921658, 1.75, 443.1532341328086)
		(656.0695044227069, 1.75, 448.18471865326774)
		(656.0979786859082, 1.75, 455.1138592022516)

Bleacher 9 - Row 1
	TOP LEFT COORDINATE: (652.8943093680099, 392.07760489558814)
	TOP RIGHT COORDINATE: (653.1633873292377, 457.5570520301722)
		(652.9082950555864, 0.5, 395.48098689733735)
		(652.9417094113841, 0.5, 403.6122865920494)
		(652.9783711827475, 0.5, 412.5338367216088)
		(653.0024708095508, 0.5, 418.39842047282445)
		(653.0304184980198, 0.5, 425.1994203811356)
		(653.0543544710499, 0.5, 431.0241793970293)
		(653.0785192776145, 0.5, 436.90462447972703)
		(653.1188171519032, 0.5, 446.71101113836227)
		(653.1544546794485, 0.5, 455.3833141031283)
