
Bleacher 0 - Row 8
	TOP LEFT COORDINATE: (63.937391, 241.68965999800002)
	TOP RIGHT COORDINATE: (129.417391, 241.68965999800002)
		(71.76905948336889, 9, 241.68965999800002)
		(76.80431794480853, 9, 241.68965999800002)
		(85.89521797670061, 9, 241.68965999800002)
		(91.53590595733417, 9, 241.68965999800002)
		(99.98576934880147, 9, 241.68965999800002)
		(108.15549314104976, 9, 241.68965999800002)
		(115.74222665861586, 9, 241.68965999800002)
		(121.83177389825545, 9, 241.68965999800002)

Bleacher 0 - Row 7
	TOP LEFT COORDINATE: (63.937391, 244.634365878)
	TOP RIGHT COORDINATE: (129.417391, 244.634365878)
		(64.3611093760217, 7.75, 244.634365878)
		(69.48555075201696, 7.75, 244.634365878)
		(75.30354202442268, 7.75, 244.634365878)
		(83.32821527609285, 7.75, 244.634365878)
		(91.68110279613458, 7.75, 244.634365878)
		(97.93432335212795, 7.75, 244.634365878)
		(107.139244766852, 7.75, 244.634365878)
		(115.71270186005985, 7.75, 244.634365878)
		(120.80637404884742, 7.75, 244.634365878)
		(126.21305969992562, 7.75, 244.634365878)

Bleacher 0 - Row 6
	TOP LEFT COORDINATE: (63.937391, 247.579071758)
	TOP RIGHT COORDINATE: (129.417391, 247.579071758)
		(64.28778149319476, 6.75, 247.579071758)
		(70.79213691289402, 6.75, 247.579071758)
		(78.98287566114583, 6.75, 247.579071758)
		(87.62720881557661, 6.75, 247.579071758)
		(97.08856887718363, 6.75, 247.579071758)
		(106.94715224328085, 6.75, 247.579071758)
		(114.2838813695446, 6.75, 247.579071758)
		(121.77123817587096, 6.75, 247.579071758)
		(127.88749179314473, 6.75, 247.579071758)

Bleacher 0 - Row 5
	TOP LEFT COORDINATE: (63.937391, 250.52377763799998)
	TOP RIGHT COORDINATE: (129.417391, 250.52377763799998)
		(64.96118937478688, 5.5, 250.52377763799998)
		(70.8128145109293, 5.5, 250.52377763799998)
		(77.33519022483387, 5.5, 250.52377763799998)
		(82.57543871842344, 5.5, 250.52377763799998)
		(87.75649622581037, 5.5, 250.52377763799998)
		(94.77715862332012, 5.5, 250.52377763799998)
		(103.84936471227294, 5.5, 250.52377763799998)
		(113.36411639853804, 5.5, 250.52377763799998)
		(118.80736096305418, 5.5, 250.52377763799998)
		(124.3140836798116, 5.5, 250.52377763799998)
		(129.39750185120036, 5.5, 250.52377763799998)

Bleacher 0 - Row 4
	TOP LEFT COORDINATE: (63.937391, 253.46848351799997)
	TOP RIGHT COORDINATE: (129.417391, 253.46848351799997)
		(65.8948976823687, 4.25, 253.46848351799997)
		(71.3037094448361, 4.25, 253.46848351799997)
		(76.53130856968289, 4.25, 253.46848351799997)
		(83.88452966464195, 4.25, 253.46848351799997)
		(88.97099253438226, 4.25, 253.46848351799997)
		(94.0404904817536, 4.25, 253.46848351799997)
		(103.6666228343973, 4.25, 253.46848351799997)
		(110.10248394500813, 4.25, 253.46848351799997)
		(117.75518158690082, 4.25, 253.46848351799997)
		(123.04342489240153, 4.25, 253.46848351799997)
		(128.50444374569201, 4.25, 253.46848351799997)

Bleacher 0 - Row 3
	TOP LEFT COORDINATE: (63.937391, 256.413189398)
	TOP RIGHT COORDINATE: (129.417391, 256.413189398)
		(65.40964309682819, 3, 256.413189398)
		(70.93091745560798, 3, 256.413189398)
		(77.92785920327196, 3, 256.413189398)
		(86.13845605997528, 3, 256.413189398)
		(95.52515719325754, 3, 256.413189398)
		(103.13582894802133, 3, 256.413189398)
		(109.67728880460481, 3, 256.413189398)
		(117.24037439455529, 3, 256.413189398)
		(122.8765333810549, 3, 256.413189398)

Bleacher 0 - Row 2
	TOP LEFT COORDINATE: (63.937391, 259.357895278)
	TOP RIGHT COORDINATE: (129.417391, 259.357895278)
		(64.75329725303607, 1.75, 259.357895278)
		(73.04550354525004, 1.75, 259.357895278)
		(78.49394065994719, 1.75, 259.357895278)
		(83.61078721284669, 1.75, 259.357895278)
		(91.16331826116345, 1.75, 259.357895278)
		(97.00335836490075, 1.75, 259.357895278)
		(105.03565549806723, 1.75, 259.357895278)
		(110.60775446300988, 1.75, 259.357895278)
		(116.0812860526267, 1.75, 259.357895278)
		(125.7838732830104, 1.75, 259.357895278)

Bleacher 0 - Row 1
	TOP LEFT COORDINATE: (63.937391, 262.302601158)
	TOP RIGHT COORDINATE: (129.417391, 262.302601158)
		(67.26018882541226, 0.5, 262.302601158)
		(73.42918679375862, 0.5, 262.302601158)
		(78.57842221191311, 0.5, 262.302601158)
		(84.54421847464945, 0.5, 262.302601158)
		(90.70153767971627, 0.5, 262.302601158)
		(100.64600831696345, 0.5, 262.302601158)
		(107.10074415462358, 0.5, 262.302601158)
		(112.23618619340527, 0.5, 262.302601158)
		(119.91338878753521, 0.5, 262.302601158)
		(125.21510811686522, 0.5, 262.302601158)

Bleacher 1 - Row 8
	TOP LEFT COORDINATE: (368.69847699999997, 79.969872998)
	TOP RIGHT COORDINATE: (434.178477, 79.969872998)
		(375.78828354146975, 9, 79.969872998)
		(383.50593921011847, 9, 79.969872998)
		(391.95007285213825, 9, 79.969872998)
		(401.3961502074924, 9, 79.969872998)
		(408.15816250101835, 9, 79.969872998)
		(415.6977559749239, 9, 79.969872998)
		(422.7651526961805, 9, 79.969872998)
		(427.96040030786116, 9, 79.969872998)
		(433.2633681421955, 9, 79.969872998)

Bleacher 1 - Row 7
	TOP LEFT COORDINATE: (368.69847699999997, 82.914578878)
	TOP RIGHT COORDINATE: (434.178477, 82.914578878)
		(372.9587930155659, 7.75, 82.914578878)
		(380.4350353648237, 7.75, 82.914578878)
		(386.3374523287653, 7.75, 82.914578878)
		(391.4135374465953, 7.75, 82.914578878)
		(396.41407959600895, 7.75, 82.914578878)
		(401.43545841761915, 7.75, 82.914578878)
		(409.64322108929457, 7.75, 82.914578878)
		(416.2798581846363, 7.75, 82.914578878)
		(422.2173074745214, 7.75, 82.914578878)
		(427.82996702701575, 7.75, 82.914578878)
		(434.10155249215995, 7.75, 82.914578878)

Bleacher 1 - Row 6
	TOP LEFT COORDINATE: (368.69847699999997, 85.859284758)
	TOP RIGHT COORDINATE: (434.178477, 85.859284758)
		(370.34851784378947, 6.75, 85.859284758)
		(380.1212711712843, 6.75, 85.859284758)
		(386.8099613753685, 6.75, 85.859284758)
		(395.7774466601401, 6.75, 85.859284758)
		(403.470816153072, 6.75, 85.859284758)
		(410.07298766800136, 6.75, 85.859284758)
		(415.84216405957363, 6.75, 85.859284758)
		(421.13224688684465, 6.75, 85.859284758)
		(426.26454909379135, 6.75, 85.859284758)
		(431.3718905615422, 6.75, 85.859284758)

Bleacher 1 - Row 5
	TOP LEFT COORDINATE: (368.69847699999997, 88.803990638)
	TOP RIGHT COORDINATE: (434.178477, 88.803990638)
		(370.44442550645675, 5.5, 88.803990638)
		(376.55275987106296, 5.5, 88.803990638)
		(384.56019176441515, 5.5, 88.803990638)
		(394.02656761697125, 5.5, 88.803990638)
		(399.27616352415725, 5.5, 88.803990638)
		(407.0600546000179, 5.5, 88.803990638)
		(413.6738189836682, 5.5, 88.803990638)
		(422.24004666392955, 5.5, 88.803990638)
		(427.8664613594543, 5.5, 88.803990638)

Bleacher 1 - Row 4
	TOP LEFT COORDINATE: (368.69847699999997, 91.748696518)
	TOP RIGHT COORDINATE: (434.178477, 91.748696518)
		(371.34399836510863, 4.25, 91.748696518)
		(377.3384158107657, 4.25, 91.748696518)
		(382.3542270977142, 4.25, 91.748696518)
		(387.59196193293553, 4.25, 91.748696518)
		(395.0491714872023, 4.25, 91.748696518)
		(400.66146995934054, 4.25, 91.748696518)
		(405.76037958179876, 4.25, 91.748696518)
		(411.027789142287, 4.25, 91.748696518)
		(418.13960512006895, 4.25, 91.748696518)
		(424.26639108116365, 4.25, 91.748696518)
		(431.85071912420744, 4.25, 91.748696518)

Bleacher 1 - Row 3
	TOP LEFT COORDINATE: (368.69847699999997, 94.693402398)
	TOP RIGHT COORDINATE: (434.178477, 94.693402398)
		(373.98981531482906, 3, 94.693402398)
		(382.6177373030425, 3, 94.693402398)
		(390.2671175305977, 3, 94.693402398)
		(397.4068603998201, 3, 94.693402398)
		(402.8352782584824, 3, 94.693402398)
		(407.871045958482, 3, 94.693402398)
		(413.6480481767625, 3, 94.693402398)
		(422.06033314096084, 3, 94.693402398)
		(430.2360052152451, 3, 94.693402398)

Bleacher 1 - Row 2
	TOP LEFT COORDINATE: (368.69847699999997, 97.638108278)
	TOP RIGHT COORDINATE: (434.178477, 97.638108278)
		(373.32971413776056, 1.75, 97.638108278)
		(380.22188150767585, 1.75, 97.638108278)
		(385.61634893983694, 1.75, 97.638108278)
		(390.6768954362452, 1.75, 97.638108278)
		(398.6742744341399, 1.75, 97.638108278)
		(406.12562041176074, 1.75, 97.638108278)
		(411.39353844852144, 1.75, 97.638108278)
		(418.8870643258433, 1.75, 97.638108278)
		(427.9495893327031, 1.75, 97.638108278)
		(433.1747755735928, 1.75, 97.638108278)

Bleacher 1 - Row 1
	TOP LEFT COORDINATE: (368.69847699999997, 100.582814158)
	TOP RIGHT COORDINATE: (434.178477, 100.582814158)
		(369.4640222701475, 0.5, 100.582814158)
		(377.7737489179146, 0.5, 100.582814158)
		(382.78355188506146, 0.5, 100.582814158)
		(387.801221842443, 0.5, 100.582814158)
		(394.4374411432366, 0.5, 100.582814158)
		(400.8213312282259, 0.5, 100.582814158)
		(406.07336581517893, 0.5, 100.582814158)
		(411.15837451473993, 0.5, 100.582814158)
		(419.53405775543285, 0.5, 100.582814158)
		(424.86522339819504, 0.5, 100.582814158)
		(430.43048193027084, 0.5, 100.582814158)

Bleacher 2 - Row 8
	TOP LEFT COORDINATE: (468.47637, 79.33127699799999)
	TOP RIGHT COORDINATE: (533.95637, 79.33127699799999)
		(471.615995834422, 9, 79.33127699799999)
		(481.2448385156161, 9, 79.33127699799999)
		(487.21298052002413, 9, 79.33127699799999)
		(493.07700795227584, 9, 79.33127699799999)
		(498.13970827684784, 9, 79.33127699799999)
		(503.93552497097147, 9, 79.33127699799999)
		(509.33660793068725, 9, 79.33127699799999)
		(516.0120384481426, 9, 79.33127699799999)
		(521.1848738917645, 9, 79.33127699799999)
		(526.7288117600466, 9, 79.33127699799999)
		(532.172406702402, 9, 79.33127699799999)

Bleacher 2 - Row 7
	TOP LEFT COORDINATE: (468.47637, 82.275982878)
	TOP RIGHT COORDINATE: (533.95637, 82.275982878)
		(472.80826761963294, 7.75, 82.275982878)
		(480.4175404853089, 7.75, 82.275982878)
		(486.0856109926137, 7.75, 82.275982878)
		(493.23202168231524, 7.75, 82.275982878)
		(499.6042824307483, 7.75, 82.275982878)
		(509.1778410627596, 7.75, 82.275982878)
		(516.1076627837815, 7.75, 82.275982878)
		(521.7322435069892, 7.75, 82.275982878)
		(527.721613023655, 7.75, 82.275982878)
		(533.2875942652901, 7.75, 82.275982878)

Bleacher 2 - Row 6
	TOP LEFT COORDINATE: (468.47637, 85.220688758)
	TOP RIGHT COORDINATE: (533.95637, 85.220688758)
		(470.8913139629237, 6.75, 85.220688758)
		(476.1168014598443, 6.75, 85.220688758)
		(482.80101044997684, 6.75, 85.220688758)
		(489.9983038931338, 6.75, 85.220688758)
		(499.52534938674734, 6.75, 85.220688758)
		(506.37895726534555, 6.75, 85.220688758)
		(513.2460897102428, 6.75, 85.220688758)
		(522.3261602891272, 6.75, 85.220688758)
		(529.365304988067, 6.75, 85.220688758)

Bleacher 2 - Row 5
	TOP LEFT COORDINATE: (468.47637, 88.165394638)
	TOP RIGHT COORDINATE: (533.95637, 88.165394638)
		(468.7115306406994, 5.5, 88.165394638)
		(474.538166253669, 5.5, 88.165394638)
		(481.3323128998902, 5.5, 88.165394638)
		(490.79258359163714, 5.5, 88.165394638)
		(495.9521641662873, 5.5, 88.165394638)
		(503.7258236360025, 5.5, 88.165394638)
		(509.7876198896714, 5.5, 88.165394638)
		(514.8652781860096, 5.5, 88.165394638)
		(524.4485818103002, 5.5, 88.165394638)
		(529.6348260135, 5.5, 88.165394638)

Bleacher 2 - Row 4
	TOP LEFT COORDINATE: (468.47637, 91.110100518)
	TOP RIGHT COORDINATE: (533.95637, 91.110100518)
		(469.90312835029533, 4.25, 91.110100518)
		(477.3207052648636, 4.25, 91.110100518)
		(485.01710326515996, 4.25, 91.110100518)
		(493.14734705816426, 4.25, 91.110100518)
		(498.3966516495487, 4.25, 91.110100518)
		(503.44303243486416, 4.25, 91.110100518)
		(508.6102260360362, 4.25, 91.110100518)
		(513.6193919747419, 4.25, 91.110100518)
		(519.0038427658403, 4.25, 91.110100518)
		(528.7068815448639, 4.25, 91.110100518)
		(533.7754978609722, 4.25, 91.110100518)

Bleacher 2 - Row 3
	TOP LEFT COORDINATE: (468.47637, 94.054806398)
	TOP RIGHT COORDINATE: (533.95637, 94.054806398)
		(470.92625502780436, 3, 94.054806398)
		(476.2716269048643, 3, 94.054806398)
		(481.53720148681595, 3, 94.054806398)
		(486.8518824178601, 3, 94.054806398)
		(493.727390969586, 3, 94.054806398)
		(499.5122148372389, 3, 94.054806398)
		(507.0130979173884, 3, 94.054806398)
		(512.0163264290326, 3, 94.054806398)
		(517.0405864535654, 3, 94.054806398)
		(522.771654018207, 3, 94.054806398)
		(530.0766677145092, 3, 94.054806398)

Bleacher 2 - Row 2
	TOP LEFT COORDINATE: (468.47637, 96.999512278)
	TOP RIGHT COORDINATE: (533.95637, 96.999512278)
		(473.4336645593098, 1.75, 96.999512278)
		(482.7631807422473, 1.75, 96.999512278)
		(491.0573499553365, 1.75, 96.999512278)
		(496.7179021122303, 1.75, 96.999512278)
		(503.37674753994594, 1.75, 96.999512278)
		(510.69518853465866, 1.75, 96.999512278)
		(517.2875931949023, 1.75, 96.999512278)
		(523.6927336912668, 1.75, 96.999512278)
		(532.5514441438359, 1.75, 96.999512278)

Bleacher 2 - Row 1
	TOP LEFT COORDINATE: (468.47637, 99.944218158)
	TOP RIGHT COORDINATE: (533.95637, 99.944218158)
		(472.2299832812656, 0.5, 99.944218158)
		(477.28353173423784, 0.5, 99.944218158)
		(485.2220465538387, 0.5, 99.944218158)
		(492.3423441695346, 0.5, 99.944218158)
		(500.5123378115677, 0.5, 99.944218158)
		(507.6087308526831, 0.5, 99.944218158)
		(517.4878593007518, 0.5, 99.944218158)
		(526.8571079830539, 0.5, 99.944218158)
		(532.6395928476569, 0.5, 99.944218158)

Bleacher 3 - Row 8
	TOP LEFT COORDINATE: (145.15184719221554, 193.21879275161135)
	TOP RIGHT COORDINATE: (191.45325309115418, 146.91749458642235)
		(147.3577712013867, 9, 191.01287387516695)
		(151.578685084101, 9, 186.79196981364208)
		(155.2675328147029, 9, 183.10313066622228)
		(160.20874897791776, 9, 178.1619260001906)
		(165.32745958496443, 9, 173.04322730331978)
		(170.61437472432766, 9, 167.7563244655094)
		(176.81558359732944, 9, 161.555130021432)
		(183.58233993607055, 9, 154.78838942752668)
		(189.6724187241849, 9, 148.6983248097601)

Bleacher 3 - Row 7
	TOP LEFT COORDINATE: (147.23406626611086, 195.301016670409)
	TOP RIGHT COORDINATE: (193.5354721650495, 148.99971850522002)
		(147.4409754678696, 7.75, 195.09410795008498)
		(151.19735832891166, 7.75, 191.33773382936522)
		(156.2694415882538, 7.75, 186.26566237170678)
		(160.23585996303595, 7.75, 182.29925322595594)
		(163.91022732804572, 7.75, 178.62489441043545)
		(168.43828517078666, 7.75, 174.09684710354412)
		(175.14899307456938, 7.75, 167.38615481418415)
		(179.6331480965956, 7.75, 162.9020102258548)
		(184.3839292991824, 7.75, 158.1512400773486)
		(189.44135718414384, 7.75, 153.09382395997085)

Bleacher 3 - Row 6
	TOP LEFT COORDINATE: (149.31628534000617, 197.38324058920668)
	TOP RIGHT COORDINATE: (195.61769123894481, 151.08194242401768)
		(152.13957970504026, 6.75, 194.55995279339186)
		(155.91020593566543, 6.75, 190.78933533623035)
		(159.89834308007198, 6.75, 186.80120747139017)
		(165.79549754391178, 6.75, 180.90406672900332)
		(169.39949246709173, 6.75, 177.3000801915706)
		(173.08088545287217, 6.75, 173.61869577162662)
		(176.67646708241645, 6.75, 170.02312250825358)
		(181.21553344583145, 6.75, 165.4840667063027)
		(185.80321797085992, 6.75, 160.89639285586279)
		(190.1489706440137, 6.75, 156.55065029437236)
		(195.60900727137386, 6.75, 151.0906263713828)

Bleacher 3 - Row 5
	TOP LEFT COORDINATE: (151.3985044139015, 199.46546450800435)
	TOP RIGHT COORDINATE: (197.69991031284013, 153.16416634281535)
		(153.5957935493802, 5.5, 197.26818048516083)
		(158.3088013138406, 5.5, 192.55518368689008)
		(163.10253142389394, 5.5, 187.76146473085052)
		(167.67260547665308, 5.5, 183.191401311704)
		(171.7737625507594, 5.5, 179.09025378013794)
		(175.39413665362505, 5.5, 175.46988810113044)
		(179.59303996322285, 5.5, 171.27099456150808)
		(183.50027412588628, 5.5, 167.3637694901666)
		(187.04172277948197, 5.5, 163.82232907678593)
		(190.59757581850826, 5.5, 160.26648431149073)
		(195.30425103322312, 5.5, 155.55982004823102)

Bleacher 3 - Row 4
	TOP LEFT COORDINATE: (153.4807234877968, 201.547688426802)
	TOP RIGHT COORDINATE: (199.78212938673545, 155.24639026161302)
		(156.93938748636975, 4.25, 198.08903247582145)
		(163.21233407242403, 4.25, 191.8161004856103)
		(167.13802837427096, 4.25, 187.8904153180382)
		(170.97731061520514, 4.25, 184.05114201031594)
		(174.54407515143023, 4.25, 180.4843857732107)
		(179.3923312687501, 4.25, 175.63614093677532)
		(183.9618181569976, 4.25, 171.0666646807742)
		(188.98224909348568, 4.25, 166.04624542578563)
		(194.58818876054545, 4.25, 160.44031880258248)
		(199.7242839476502, 4.25, 155.3042355661039)

Bleacher 3 - Row 3
	TOP LEFT COORDINATE: (155.56294256169213, 203.62991234559968)
	TOP RIGHT COORDINATE: (201.86434846063077, 157.32861418041068)
		(156.0392626686775, 3, 203.1535933469122)
		(160.93898760511854, 3, 198.25387981111288)
		(164.67744029075982, 3, 194.5154358240741)
		(168.69134926344722, 3, 190.50153619091876)
		(172.39216652146547, 3, 186.8007275439332)
		(177.2747401869653, 3, 181.91816523916765)
		(182.144166438498, 3, 177.04875031777792)
		(186.48020035637578, 3, 172.71272648894998)
		(190.4696996241322, 3, 168.7232365039293)
		(194.4208062715037, 3, 164.77213904996188)
		(200.07881802809314, 3, 159.11414045838998)

Bleacher 3 - Row 2
	TOP LEFT COORDINATE: (157.64516163558744, 205.71213626439734)
	TOP RIGHT COORDINATE: (203.94656753452608, 159.41083809920835)
		(158.05408229407263, 1.75, 205.30321655738555)
		(164.05538596063172, 1.75, 199.30192685461296)
		(168.59031084466312, 1.75, 194.76701252240935)
		(174.5394063085371, 1.75, 188.81793090084423)
		(180.98411057749817, 1.75, 182.3732416273707)
		(184.92244179890685, 1.75, 178.43491956964036)
		(189.51264242293945, 1.75, 173.8447296260507)
		(194.23331368361855, 1.75, 169.12406934939264)
		(198.398678823833, 1.75, 164.95871390111728)
		(202.69303048649445, 1.75, 160.66437223051972)

Bleacher 3 - Row 1
	TOP LEFT COORDINATE: (159.72738070948276, 207.794360183195)
	TOP RIGHT COORDINATE: (206.0287866084214, 161.49306201800601)
		(161.73955133956346, 0.5, 205.78219423501722)
		(167.99693505833153, 0.5, 199.5248250758807)
		(172.49121661451994, 0.5, 195.03055397695152)
		(176.05094496519598, 0.5, 191.4708339090236)
		(179.94926538713818, 0.5, 187.5725225576629)
		(185.33207926253732, 0.5, 182.18972120695304)
		(189.31523994353196, 0.5, 178.20656979394556)
		(192.95373410751992, 0.5, 174.5680840959774)
		(196.72615186583582, 0.5, 170.79567511529368)
		(200.89543623699313, 0.5, 166.6264004451947)
		(204.45316036295986, 0.5, 163.06868459731265)

Bleacher 4 - Row 8
	TOP LEFT COORDINATE: (674.9437824873521, 249.91911596862195)
	TOP RIGHT COORDINATE: (675.2128604485799, 315.398563103206)
		(674.956212518702, 9, 252.94393292852882)
		(674.9846548279785, 9, 259.86529757003814)
		(675.0052068861341, 9, 264.8665893866149)
		(675.025817373808, 9, 269.8820998799207)
		(675.0499889412663, 9, 275.7641902091498)
		(675.0739300035735, 9, 281.59018768786996)
		(675.1003676948408, 9, 288.0237335635463)
		(675.1238629863599, 9, 293.74125383877305)
		(675.1521671143115, 9, 300.62899240138734)
		(675.1737914638885, 9, 305.8912236465071)
		(675.1948383488434, 9, 311.01293032386906)

Bleacher 4 - Row 7
	TOP LEFT COORDINATE: (671.9991014703032, 249.93121669334104)
	TOP RIGHT COORDINATE: (672.268179431531, 315.4106638279251)
		(672.0008594842204, 7.75, 250.35902497175834)
		(672.0314908059288, 7.75, 257.8130802994882)
		(672.0530869868697, 7.75, 263.06845677766)
		(672.08557142859, 7.75, 270.97346421346884)
		(672.1216642033012, 7.75, 279.75655043448546)
		(672.1455710678259, 7.75, 285.574225968588)
		(672.1685111674057, 7.75, 291.1566416775451)
		(672.1898958455695, 7.75, 296.3605494852616)
		(672.2146716048443, 7.75, 302.38966837798097)
		(672.2450538356475, 7.75, 309.7831080585453)

Bleacher 4 - Row 6
	TOP LEFT COORDINATE: (669.0544204532544, 249.94331741806013)
	TOP RIGHT COORDINATE: (669.3234984144822, 315.42276455264414)
		(669.0570832660286, 6.75, 250.59130622949948)
		(669.0846529611738, 6.75, 257.3003224103041)
		(669.1110069042167, 6.75, 263.7134883655841)
		(669.1318862702943, 6.75, 268.794429744239)
		(669.1564917730299, 6.75, 274.78211713505783)
		(669.1899458876387, 6.75, 282.923092036784)
		(669.2187968676157, 6.75, 289.9439056684907)
		(669.2402255900735, 6.75, 295.15853154470483)
		(669.2616249961546, 6.75, 300.36602335417626)
		(669.2823668154225, 6.75, 305.4134930615713)
		(669.3034551042417, 6.75, 310.5452752654916)

Bleacher 4 - Row 5
	TOP LEFT COORDINATE: (666.1097394362055, 249.95541814277922)
	TOP RIGHT COORDINATE: (666.3788173974333, 315.4348652773632)
		(666.1187253731089, 5.5, 252.1421233554091)
		(666.1456637451535, 5.5, 258.6975086427643)
		(666.1781372151755, 5.5, 266.5998461433279)
		(666.2032652097691, 5.5, 272.7146806176282)
		(666.2430348404656, 5.5, 282.3925205227166)
		(666.2741022259087, 5.5, 289.9526908668271)
		(666.3026445501263, 5.5, 296.8983938934723)
		(666.340019350062, 5.5, 305.9934577381239)
		(666.3765406006395, 5.5, 314.88081248678094)

Bleacher 4 - Row 4
	TOP LEFT COORDINATE: (663.1650584191566, 249.9675188674983)
	TOP RIGHT COORDINATE: (663.4341363803844, 315.44696600208226)
		(663.169326126479, 4.25, 251.00605474284404)
		(663.1913632216114, 4.25, 256.36872658388995)
		(663.2119758427546, 4.25, 261.38475625161607)
		(663.2428044308714, 4.25, 268.8868158651873)
		(663.2704488944239, 4.25, 275.6140267504292)
		(663.2942186379055, 4.25, 281.39833422251684)
		(663.3196005399051, 4.25, 287.57495642737246)
		(663.3423327587315, 4.25, 293.106784876276)
		(663.3669225384235, 4.25, 299.0906461038917)
		(663.3937752996713, 4.25, 305.6251982185301)
		(663.4154055302912, 4.25, 310.88886060068097)

Bleacher 4 - Row 3
	TOP LEFT COORDINATE: (660.2203774021077, 249.9796195922174)
	TOP RIGHT COORDINATE: (660.4894553633355, 315.4590667268013)
		(660.2609590004987, 3, 259.85504979970557)
		(660.2854458506653, 3, 265.81386338539403)
		(660.3209946472134, 3, 274.46457388449903)
		(660.3416433644219, 3, 279.48938743919956)
		(660.3624996472563, 3, 284.56471156848903)
		(660.390535606248, 3, 291.38719188716107)
		(660.4141191268159, 3, 297.12618248015934)
		(660.4364090050447, 3, 302.550368453834)
		(660.4639677741005, 3, 309.2567257982012)

Bleacher 4 - Row 2
	TOP LEFT COORDINATE: (657.2756963850588, 249.9917203169365)
	TOP RIGHT COORDINATE: (657.5447743462867, 315.4711674515204)
		(657.2867764485756, 1.75, 252.6880259897599)
		(657.308007160473, 1.75, 257.85446649264304)
		(657.3285711667836, 1.75, 262.85866586275546)
		(657.3577117628067, 1.75, 269.9499568330714)
		(657.3813619117199, 1.75, 275.7051612668188)
		(657.4189237259591, 1.75, 284.8457345732748)
		(657.4395407511182, 1.75, 289.86283594723994)
		(657.4601673283357, 1.75, 294.88226179065765)
		(657.4814687119836, 1.75, 300.0659000867712)
		(657.5026965977578, 1.75, 305.2316528596481)
		(657.5245659131401, 1.75, 310.5534959192291)

Bleacher 4 - Row 1
	TOP LEFT COORDINATE: (654.33101536801, 250.00382104165558)
	TOP RIGHT COORDINATE: (654.6000933292378, 315.48326817623945)
		(654.3443814916897, 0.5, 253.2564337226996)
		(654.3689763782007, 0.5, 259.241537681914)
		(654.4089376734296, 0.5, 268.96601867034957)
		(654.4303647839133, 0.5, 274.1802522767123)
		(654.451742734889, 0.5, 279.38252304005425)
		(654.4762043853837, 0.5, 285.33520434878005)
		(654.4976733880227, 0.5, 290.55963230609)
		(654.5186528499846, 0.5, 295.6649317671802)
		(654.5397964303291, 0.5, 300.81016902513863)
		(654.5611527056725, 0.5, 306.00716507771415)
		(654.5846928733472, 0.5, 311.7356058528726)

Bleacher 5 - Row 8
	TOP LEFT COORDINATE: (266.15218086436727, 564.6320867027139)
	TOP RIGHT COORDINATE: (225.4312438640999, 615.9101101613093)
		(263.91844712842044, 9, 567.4449259777872)
		(258.3166334089353, 9, 574.4990351530391)
		(254.43251186202951, 9, 579.3901327178363)
		(249.46689721230686, 9, 585.6431053469571)
		(245.90023833704382, 9, 590.1344366115924)
		(242.7207390650428, 9, 594.13823540078)
		(236.94872742801564, 9, 601.4066670708278)
		(233.8261875953176, 9, 605.3387394293404)
		(229.100615111808, 9, 611.2894378787182)
		(225.81104793019168, 9, 615.4318401791967)

Bleacher 5 - Row 7
	TOP LEFT COORDINATE: (268.4582086162503, 566.4633509455941)
	TOP RIGHT COORDINATE: (227.737271615983, 617.7413744041895)
		(265.99745604206623, 7.75, 569.562064715957)
		(261.828809614282, 7.75, 574.8114515194362)
		(256.7077516395242, 7.75, 581.2601668562354)
		(252.7901163071618, 7.75, 586.1934668064252)
		(248.34857346969463, 7.75, 591.7864996438204)
		(244.5043374504255, 7.75, 596.6273711781656)
		(239.9003548562138, 7.75, 602.4249570114043)
		(236.12908495940238, 7.75, 607.1739456271653)
		(232.85886694054292, 7.75, 611.29198240723)
		(228.49515513935503, 7.75, 616.7870061613835)

Bleacher 5 - Row 6
	TOP LEFT COORDINATE: (270.76423636813337, 568.2946151884744)
	TOP RIGHT COORDINATE: (230.04329936786607, 619.5726386470698)
		(270.05858181198516, 6.75, 569.1832138688926)
		(266.87879016237815, 6.75, 573.1873808358985)
		(261.67213343361294, 6.75, 579.7438867894997)
		(257.00022047986226, 6.75, 585.6270142341695)
		(252.3851945299483, 6.75, 591.4385064628517)
		(248.99770904706398, 6.75, 595.704212825548)
		(245.21547124500066, 6.75, 600.467012825433)
		(242.02568196510904, 6.75, 604.4837693534369)
		(236.9645521650048, 6.75, 610.85701986619)
		(233.82801165647658, 6.75, 614.8067226388468)
		(230.71549569769806, 6.75, 618.726172388946)

Bleacher 5 - Row 5
	TOP LEFT COORDINATE: (273.0702641200164, 570.1258794313546)
	TOP RIGHT COORDINATE: (232.34932711974915, 621.40390288995)
		(271.12403697041873, 5.5, 572.5766747416926)
		(267.35016829007543, 5.5, 577.3289358873296)
		(263.92726182624637, 5.5, 581.6392462799331)
		(260.813845733545, 5.5, 585.5598295277317)
		(255.41831553639318, 5.5, 592.354175247706)
		(251.71887287551033, 5.5, 597.0127150928779)
		(247.29213755394954, 5.5, 602.5871014991262)
		(244.08760280235202, 5.5, 606.6224263288378)
		(240.43688488183238, 5.5, 611.2196093250909)
		(237.28274907797777, 5.5, 615.1914690526947)
		(234.16284807690192, 5.5, 619.1202184505931)

Bleacher 5 - Row 4
	TOP LEFT COORDINATE: (275.37629187189947, 571.9571436742349)
	TOP RIGHT COORDINATE: (234.65535487163223, 623.2351671328303)
		(273.70912013764746, 4.25, 574.0565371950156)
		(269.52701904954415, 4.25, 579.3228668401456)
		(266.1873209314102, 4.25, 583.5283967483884)
		(260.76032351619506, 4.25, 590.3623677045409)
		(256.96695532209696, 4.25, 595.1391837007635)
		(251.30670538998018, 4.25, 602.2668789401607)
		(246.87549841091604, 4.25, 607.8468963012753)
		(243.46816705139014, 4.25, 612.1375936735834)
		(240.19872428164174, 4.25, 616.2546542177107)
		(236.1541321607936, 4.25, 621.347825076032)

Bleacher 5 - Row 3
	TOP LEFT COORDINATE: (277.6823196237825, 573.7884079171151)
	TOP RIGHT COORDINATE: (236.9613826235153, 625.0664313757105)
		(276.6191036388213, 3, 575.1272674383987)
		(272.39811522931615, 3, 580.4425661182803)
		(268.6117937166618, 3, 585.2105085491335)
		(265.2636084942237, 3, 589.4267258817251)
		(261.3057793852875, 3, 594.4106400262305)
		(257.83699453463964, 3, 598.7787229842227)
		(253.8339995421952, 3, 603.8195124711115)
		(249.525645541132, 3, 609.2448266659444)
		(245.76420344946487, 3, 613.9814395737808)
		(241.96231544132976, 3, 618.7689841842307)
		(238.78878598948168, 3, 622.7652654504831)

Bleacher 5 - Row 2
	TOP LEFT COORDINATE: (279.98834737566557, 575.6196721599954)
	TOP RIGHT COORDINATE: (239.26741037539838, 626.8976956185908)
		(278.16315738724876, 1.75, 577.918050879567)
		(273.4372896059599, 1.75, 583.8691211840043)
		(270.04904944791247, 1.75, 588.1357778748012)
		(264.7694835211057, 1.75, 594.784095064659)
		(259.5596313263955, 1.75, 601.3446249231545)
		(255.88303126565887, 1.75, 605.974400121134)
		(250.11521060818424, 1.75, 613.2375542812903)
		(246.85158345827153, 1.75, 617.3472914799269)
		(243.3132349610548, 1.75, 621.8029727734042)
		(239.89739093622774, 1.75, 626.104389757862)

Bleacher 5 - Row 1
	TOP LEFT COORDINATE: (282.2943751275486, 577.4509364028756)
	TOP RIGHT COORDINATE: (241.57343812728146, 628.728959861471)
		(281.2478884738104, 0.5, 578.7687294384127)
		(277.9763062599897, 0.5, 582.8884840871311)
		(274.7946699900356, 0.5, 586.8949739006232)
		(270.29392699227543, 0.5, 592.5625548066996)
		(265.28453429982426, 0.5, 598.8706551334465)
		(262.15061108189997, 0.5, 602.8170620711136)
		(258.6777062081171, 0.5, 607.1903331868086)
		(252.7597019506445, 0.5, 614.6426067221831)
		(248.24410562438993, 0.5, 620.3288917491144)
		(243.88081468843097, 0.5, 625.8233855268315)

Bleacher 6 - Row 8
	TOP LEFT COORDINATE: (446.3771818986015, 604.0418767887622)
	TOP RIGHT COORDINATE: (380.8991496818433, 604.5495154606311)
		(445.3733604994572, 9, 604.049659224254)
		(440.12813334507, 9, 604.0903244680948)
		(433.02687742886803, 9, 604.1453791482654)
		(423.55201278730453, 9, 604.2188359633215)
		(415.128907635042, 9, 604.2841386880331)
		(409.77702481144877, 9, 604.3256308128967)
		(402.66739246081306, 9, 604.380750433963)
		(393.3762236526583, 9, 604.4527830903243)
		(387.396679091262, 9, 604.4991413567041)
		(381.64469481983195, 9, 604.5437353916392)

Bleacher 6 - Row 7
	TOP LEFT COORDINATE: (446.4000109545265, 606.9864941754378)
	TOP RIGHT COORDINATE: (380.9219787377683, 607.4941328473067)
		(446.14943899335356, 7.75, 606.9884368119721)
		(439.30241073747817, 7.75, 607.0415205136715)
		(430.19938389980587, 7.75, 607.1120945412869)
		(424.21140234967436, 7.75, 607.1585182180281)
		(417.20456025484896, 7.75, 607.2128409258828)
		(410.18205688458204, 7.75, 607.2672850526134)
		(404.28200027153514, 7.75, 607.3130270641186)
		(398.3986935392784, 7.75, 607.3586392169987)
		(392.52494709939094, 7.75, 607.404177250759)
		(387.09846875521134, 7.75, 607.4462477004396)

Bleacher 6 - Row 6
	TOP LEFT COORDINATE: (446.4228400104515, 609.9311115621133)
	TOP RIGHT COORDINATE: (380.9448077936933, 610.4387502339822)
		(444.246445180245, 6.75, 609.9479847353542)
		(435.5018671208724, 6.75, 610.0157797780857)
		(428.9187381083273, 6.75, 610.066817519379)
		(423.3511496731516, 6.75, 610.1099819686311)
		(417.4778132401578, 6.75, 610.1555168236862)
		(412.39604894643605, 6.75, 610.1949147712036)
		(406.1137755954178, 6.75, 610.2436200360422)
		(400.10877770727564, 6.75, 610.2901756372005)
		(390.1640075402352, 6.75, 610.3672755400033)
		(384.0720209893955, 6.75, 610.4145055476413)

Bleacher 6 - Row 5
	TOP LEFT COORDINATE: (446.4456690663765, 612.8757289487888)
	TOP RIGHT COORDINATE: (380.9676368496183, 613.3833676206577)
		(444.05684114856217, 5.5, 612.8942490751651)
		(438.77910261539097, 5.5, 612.9351663735131)
		(430.5717972906179, 5.5, 612.9987960433983)
		(424.46750172119044, 5.5, 613.0461214805052)
		(418.02907291354717, 5.5, 613.09603738876)
		(409.8705832894328, 5.5, 613.159288599846)
		(400.4077899008768, 5.5, 613.2326518287842)
		(394.6242533320073, 5.5, 613.2774904826522)
		(389.34064511734, 5.5, 613.3184532875192)
		(382.53436072863155, 5.5, 613.371221109802)

Bleacher 6 - Row 4
	TOP LEFT COORDINATE: (446.4684981223015, 615.8203463354644)
	TOP RIGHT COORDINATE: (380.9904659055433, 616.3279850073333)
		(443.43913509786245, 4.25, 615.8438324081253)
		(435.9390948356148, 4.25, 615.9019787871289)
		(428.47270535481397, 4.25, 615.9598642780543)
		(423.2530283347792, 4.25, 616.0003314365856)
		(418.23904546477456, 4.25, 616.0392038876769)
		(412.45071958729966, 4.25, 616.0840796721393)
		(403.84851868566454, 4.25, 616.1507708919731)
		(397.97272641900963, 4.25, 616.1963247866374)
		(392.1876950187304, 4.25, 616.2411750296477)
		(383.8448636791496, 4.25, 616.3058554068288)

Bleacher 6 - Row 3
	TOP LEFT COORDINATE: (446.4913271782265, 618.7649637221399)
	TOP RIGHT COORDINATE: (381.0132949614683, 619.2726023940088)
		(446.4610795729101, 3, 618.765198226044)
		(441.1066062997239, 3, 618.8067104341684)
		(435.2962291129914, 3, 618.8517571782179)
		(428.89518304290107, 3, 618.9013832652518)
		(422.06149054556556, 3, 618.9543635773634)
		(413.49856508453405, 3, 619.0207503022112)
		(406.4064628077721, 3, 619.0757340159645)
		(400.16565216994763, 3, 619.1241178283107)
		(394.8233176254332, 3, 619.1655359271912)
		(389.2182321435022, 3, 619.2089910838816)
		(383.01604466120097, 3, 619.2570754582833)

Bleacher 6 - Row 2
	TOP LEFT COORDINATE: (446.5141562341515, 621.7095811088154)
	TOP RIGHT COORDINATE: (381.0361240173933, 622.2172197806843)
		(446.026239127486, 1.75, 621.7133638369095)
		(439.68654237028966, 1.75, 621.7625142944433)
		(434.67921611328387, 1.75, 621.8013351380862)
		(427.8819936483364, 1.75, 621.8540327050057)
		(420.38395890430303, 1.75, 621.9121635356099)
		(412.42824566419813, 1.75, 621.9738426601383)
		(406.83720533475264, 1.75, 622.0171889274453)
		(400.5763889095321, 1.75, 622.0657278408383)
		(391.9175381783456, 1.75, 622.1328582559757)
		(384.27250917879223, 1.75, 622.1921287049545)

Bleacher 6 - Row 1
	TOP LEFT COORDINATE: (446.53698529007653, 624.654198495491)
	TOP RIGHT COORDINATE: (381.0589530733183, 625.1618371673599)
		(443.27155696244137, 0.5, 624.6795147373389)
		(435.9775653032719, 0.5, 624.7360636608958)
		(430.49935977347354, 0.5, 624.7785351415622)
		(424.1466535374851, 0.5, 624.8277864590993)
		(418.4114744262755, 0.5, 624.8722502068385)
		(411.712498022344, 0.5, 624.9241860908204)
		(403.33916673736707, 0.5, 624.98910292825)
		(397.98402968415013, 0.5, 625.0306202825341)
		(392.308927391769, 0.5, 625.0746182661767)
		(387.09844419776493, 0.5, 625.1150141467317)
		(381.97898079618255, 0.5, 625.1547043682285)

Bleacher 7 - Row 8
	TOP LEFT COORDINATE: (597.6439668986015, 603.3645077887622)
	TOP RIGHT COORDINATE: (532.1659346818433, 603.8721464606311)
		(596.3490714004736, 9, 603.3745468661234)
		(591.1993899694419, 9, 603.4144713622283)
		(583.5249707598163, 9, 603.4739696678897)
		(576.3841988322968, 9, 603.5293307081453)
		(570.2879223171587, 9, 603.5765939750565)
		(565.2399256752954, 9, 603.6157301284215)
		(557.7993718731735, 9, 603.6734153202669)
		(552.7687570599606, 9, 603.7124167156358)
		(547.288338706462, 9, 603.7549053519016)
		(541.4486199116493, 9, 603.8001795758317)
		(535.517219251857, 9, 603.846164591742)

Bleacher 7 - Row 7
	TOP LEFT COORDINATE: (597.6667959545265, 606.3091251754378)
	TOP RIGHT COORDINATE: (532.1887637377682, 606.8167638473067)
		(597.6473133550747, 7.75, 606.3092762203084)
		(592.5078761507198, 7.75, 606.3491212948815)
		(584.9003964282934, 7.75, 606.4081006314898)
		(576.1957380755811, 7.75, 606.4755861843637)
		(568.3918725822824, 7.75, 606.5360880623272)
		(562.6453850924966, 7.75, 606.5806394817646)
		(553.9158302320976, 7.75, 606.6483180525051)
		(548.0373336640063, 7.75, 606.6938929131016)
		(541.3397499480255, 7.75, 606.74581799984)
		(536.2761177952647, 7.75, 606.7850753723333)

Bleacher 7 - Row 6
	TOP LEFT COORDINATE: (597.6896250104514, 609.2537425621133)
	TOP RIGHT COORDINATE: (532.2115927936932, 609.7613812339822)
		(596.2425445091587, 6.75, 609.2649615007236)
		(587.8358260338405, 6.75, 609.3301371826601)
		(580.9369034734511, 6.75, 609.3836232109862)
		(575.6352375453404, 6.75, 609.424726013855)
		(570.5086169363381, 6.75, 609.4644717238133)
		(563.4596320053346, 6.75, 609.519121157024)
		(557.2756051117099, 6.75, 609.5670647358519)
		(549.7329229433923, 6.75, 609.6255417094051)
		(540.2127609097486, 6.75, 609.6993497064863)
		(533.6391906955341, 6.75, 609.7503133402425)

Bleacher 7 - Row 5
	TOP LEFT COORDINATE: (597.7124540663764, 612.1983599487888)
	TOP RIGHT COORDINATE: (532.2344218496181, 612.7059986206577)
		(596.940289916095, 5.5, 612.2043463898965)
		(591.9026033910619, 5.5, 612.2434026108958)
		(586.8818806992525, 5.5, 612.2823273145377)
		(581.7868065030068, 5.5, 612.3218284511861)
		(573.7291919905817, 5.5, 612.384297596807)
		(564.9026406038219, 5.5, 612.4527281630818)
		(559.6558072968999, 5.5, 612.4934058591163)
		(554.5319591053004, 5.5, 612.5331300750522)
		(549.4434764856362, 5.5, 612.5725801084668)
		(542.1676009598707, 5.5, 612.6289885811032)
		(535.8829437024808, 5.5, 612.6777123279123)

Bleacher 7 - Row 4
	TOP LEFT COORDINATE: (597.7352831223013, 615.1429773354644)
	TOP RIGHT COORDINATE: (532.2572509055431, 615.6506160073333)
		(593.7445555269381, 4.25, 615.1739166839408)
		(588.7092025988118, 4.25, 615.2129548130092)
		(583.2601160043529, 4.25, 615.2552005401342)
		(575.9275960153788, 4.25, 615.3120481664698)
		(570.8833202310487, 4.25, 615.3511554727374)
		(565.5290357860541, 4.25, 615.3926662169129)
		(559.4464463724645, 4.25, 615.4398233703413)
		(553.9448292264589, 4.25, 615.4824763567947)
		(546.9604335073982, 4.25, 615.5366250421872)
		(541.6804196143372, 4.25, 615.5775599809656)
		(533.3387398736534, 4.25, 615.6422314300204)

Bleacher 7 - Row 3
	TOP LEFT COORDINATE: (597.7581121782263, 618.0875947221399)
	TOP RIGHT COORDINATE: (532.280079961468, 618.5952333940088)
		(596.3290032239845, 3, 618.09867433078)
		(590.8243276893812, 3, 618.1413510283357)
		(584.7551984664079, 3, 618.1884038274783)
		(578.3698777629684, 3, 618.2379079987494)
		(570.9967634631458, 3, 618.2950703450201)
		(564.4061548052467, 3, 618.3461660745745)
		(558.4178520063139, 3, 618.3925922418964)
		(552.9167937527274, 3, 618.4352408953636)
		(546.1745348965208, 3, 618.4875123399273)
		(540.9011653287531, 3, 618.5283957665213)
		(535.4763625946605, 3, 618.5704532255171)

Bleacher 7 - Row 2
	TOP LEFT COORDINATE: (597.7809412341512, 621.0322121088154)
	TOP RIGHT COORDINATE: (532.302909017393, 621.5398507806843)
		(597.2805134136796, 1.75, 621.036091830083)
		(592.1473502264655, 1.75, 621.0758882634)
		(586.9825490937593, 1.75, 621.1159299796628)
		(577.7898143210757, 1.75, 621.1871994957564)
		(572.5971192122739, 1.75, 621.2274574686859)
		(566.3827174456319, 1.75, 621.2756365381001)
		(561.321902135056, 1.75, 621.3148720721541)
		(556.2425575741429, 1.75, 621.3542512599454)
		(549.6882716181261, 1.75, 621.4050653865329)
		(544.0813538654835, 1.75, 621.448534748468)
		(538.4022727042407, 1.75, 621.4925635795206)
		(532.3336767920858, 1.75, 621.5396122440064)

Bleacher 7 - Row 1
	TOP LEFT COORDINATE: (597.8037702900762, 623.976829495491)
	TOP RIGHT COORDINATE: (532.3257380733179, 624.4844681673599)
		(597.688426999528, 0.5, 623.9777237299821)
		(591.7812344614894, 0.5, 624.0235210649503)
		(585.5541151024235, 0.5, 624.0717987314284)
		(580.4147847065869, 0.5, 624.1116429779354)
		(575.4135134528516, 0.5, 624.1504168782948)
		(568.3450470200575, 0.5, 624.2052173478662)
		(562.4280001079593, 0.5, 624.2510910819134)
		(557.2033832777927, 0.5, 624.2915965378488)
		(549.8471840567486, 0.5, 624.348627744746)
		(542.0973789800885, 0.5, 624.4087105026293)
		(536.793200871716, 0.5, 624.4498327819516)

Bleacher 8 - Row 8
	TOP LEFT COORDINATE: (673.507076487352, 392.16230996862197)
	TOP RIGHT COORDINATE: (673.7761544485799, 457.64175710320603)
		(673.5296668383007, 9, 397.6596152252331)
		(673.5538553027308, 9, 403.54581739015885)
		(673.574461372731, 9, 408.5602528536697)
		(673.6122026362098, 9, 417.744494682594)
		(673.6423748239715, 9, 425.08682091572507)
		(673.6677822213492, 9, 431.2696473568989)
		(673.7080733663194, 9, 441.0743964527652)
		(673.7417225894341, 9, 449.26285052014623)
		(673.7685288544078, 9, 455.7860878830795)

Bleacher 8 - Row 7
	TOP LEFT COORDINATE: (670.5623954703032, 392.1744106933411)
	TOP RIGHT COORDINATE: (670.831473431531, 457.65385782792515)
		(670.5792082435304, 7.75, 396.2657568990812)
		(670.6045332386475, 7.75, 402.4285309567802)
		(670.6417353164067, 7.75, 411.4815632928784)
		(670.6665224567322, 7.75, 417.5134517357567)
		(670.7035651446496, 7.75, 426.52769695354044)
		(670.734507851635, 7.75, 434.0575271076308)
		(670.7658915538806, 7.75, 441.6946723524373)
		(670.7993603608218, 7.75, 449.8392225963971)

Bleacher 8 - Row 6
	TOP LEFT COORDINATE: (667.6177144532543, 392.1865114180602)
	TOP RIGHT COORDINATE: (667.8867924144821, 457.66595855264427)
		(667.6233090199814, 6.75, 393.5479352023787)
		(667.6455537136935, 6.75, 398.961125637219)
		(667.6773715818921, 6.75, 406.7039240779984)
		(667.6984191276749, 6.75, 411.82579156618164)
		(667.7332249898666, 6.75, 420.2957108525926)
		(667.7612586384666, 6.75, 427.1176289432465)
		(667.784232267859, 6.75, 432.70820404803146)
		(667.8078075766938, 6.75, 438.4451963363774)
		(667.8455700723708, 6.75, 447.6346049675083)
		(667.8689008114711, 6.75, 453.3120818242402)

Bleacher 8 - Row 5
	TOP LEFT COORDINATE: (664.6730334362054, 392.1986121427793)
	TOP RIGHT COORDINATE: (664.9421113974332, 457.6780592773634)
		(664.6967611797744, 5.5, 397.9726990414575)
		(664.7215102425532, 5.5, 403.9953214088235)
		(664.7451894123877, 5.5, 409.7575880110155)
		(664.7714029188455, 5.5, 416.1365790754724)
		(664.7932609344963, 5.5, 421.455672373711)
		(664.8153541102884, 5.5, 426.83199130265615)
		(664.8374844212518, 5.5, 432.2173469824418)
		(664.877430536985, 5.5, 441.9381340786681)
		(664.8994207744805, 5.5, 447.28940323127216)
		(664.9355816085792, 5.5, 456.0890515335879)

Bleacher 8 - Row 4
	TOP LEFT COORDINATE: (661.7283524191565, 392.21071286749844)
	TOP RIGHT COORDINATE: (661.9974303803843, 457.6901600020825)
		(661.7287096610551, 4.25, 392.2976467877015)
		(661.7509685178358, 4.25, 397.71428376977406)
		(661.786939218433, 4.25, 406.46766356126705)
		(661.8133512962903, 4.25, 412.89497647787414)
		(661.8359623496723, 4.25, 418.3973196197136)
		(661.8704677011785, 4.25, 426.7941103843807)
		(661.9089430127951, 4.25, 436.1569809869696)
		(661.9346002231772, 4.25, 442.4005987963459)
		(661.9556576406567, 4.25, 447.5248685371544)
		(661.99174462855, 4.25, 456.30654655056117)

Bleacher 8 - Row 3
	TOP LEFT COORDINATE: (658.7836714021076, 392.22281359221756)
	TOP RIGHT COORDINATE: (659.0527493633355, 457.7022607268016)
		(658.8148752387444, 3, 399.81618899216096)
		(658.8439923082158, 3, 406.90175483509415)
		(658.8792631186125, 3, 415.484818101313)
		(658.917167865708, 3, 424.70884325844054)
		(658.9464687855531, 3, 431.83914862879055)
		(658.9799792123744, 3, 439.99382696621007)
		(659.0099140660539, 3, 447.27839854555083)
		(659.0369595592578, 3, 453.8598514984127)

Bleacher 8 - Row 2
	TOP LEFT COORDINATE: (655.8389903850588, 392.2349143169367)
	TOP RIGHT COORDINATE: (656.1080683462866, 457.71436145152074)
		(655.8390085975466, 1.75, 392.23934628017787)
		(655.8597687450788, 1.75, 397.2912761247387)
		(655.8831112833532, 1.75, 402.9716242809015)
		(655.9041985147725, 1.75, 408.10314916920447)
		(655.9254654931423, 1.75, 413.27841502718303)
		(655.9472824531351, 1.75, 418.5875175340207)
		(655.9853680500646, 1.75, 427.8555520447343)
		(656.0260780234901, 1.75, 437.7622219949541)
		(656.0491215851168, 1.75, 443.3698149336198)
		(656.0753708037233, 1.75, 449.75749645991266)
		(656.1003519217294, 1.75, 455.83658888493164)

Bleacher 8 - Row 1
	TOP LEFT COORDINATE: (652.8943093680099, 392.2470150416558)
	TOP RIGHT COORDINATE: (653.1633873292377, 457.72646217623986)
		(652.9087084800129, 0.5, 395.7510028409015)
		(652.9319585398418, 0.5, 401.4088465992521)
		(652.9545893669397, 0.5, 406.91600162525947)
		(652.9934910020331, 0.5, 416.3826169769085)
		(653.0267295207161, 0.5, 424.47112715069926)
		(653.0555885862498, 0.5, 431.49390838235746)
		(653.0850579721085, 0.5, 438.66520953471354)
		(653.1176986041556, 0.5, 446.6082254949002)
		(653.1447050229325, 0.5, 453.18016978392444)
